1 3
1 109
1 178
1 281
1 566
1 689
1 1546
2 1
2 3
2 26
2 46
2 49
2 60
2 182
2 437
2 454
2 489
2 512
2 913
2 1047
2 1119
2 1222
2 1441
2 1920
3 44
3 136
3 187
3 287
3 642
3 742
3 1210
3 1368
3 1724
4 3
4 12
4 14
4 17
4 21
4 22
4 29
4 33
4 47
4 53
4 64
4 68
4 86
4 124
4 146
4 151
4 175
4 198
4 221
4 253
4 380
4 390
4 404
4 453
4 500
4 518
4 554
4 645
4 646
4 758
4 761
4 770
4 784
4 785
4 831
4 896
4 1025
4 1104
4 1172
4 1314
4 1316
4 1328
4 1334
4 1336
4 1352
4 1485
4 1524
4 1532
4 1637
4 1656
4 1707
4 1850
4 1870
4 1913
5 4
5 7
5 11
5 20
5 34
5 43
5 54
5 65
5 87
5 101
5 148
5 163
5 294
5 589
5 650
5 737
5 1026
5 1061
5 1265
5 1399
5 1538
5 1545
5 1668
6 4
6 25
6 27
6 142
6 407
6 490
6 592
6 745
6 828
6 1412
6 1781
7 845
7 1534
8 5
8 16
8 37
8 74
8 85
8 102
8 270
8 347
8 379
8 401
8 459
8 873
8 1001
8 1440
8 1986
9 4
10 4
11 18
11 30
11 41
11 137
11 150
11 170
11 173
11 536
11 540
11 612
11 693
11 738
11 764
11 1098
11 1180
11 1771
11 1845
13 8
13 325
15 5
15 48
15 106
15 406
15 475
16 922
16 1480
17 119
17 266
17 366
17 860
18 69
18 84
18 103
18 321
19 3
19 1101
21 369
21 1139
23 11
23 40
23 224
23 249
23 381
23 595
23 1178
24 2
25 32
25 66
25 295
25 372
25 703
25 1009
25 1460
26 52
26 70
26 71
26 176
26 213
26 309
26 363
26 863
26 1242
26 1465
26 1603
26 1659
27 113
27 623
28 13
29 674
29 1692
30 1002
30 1688
31 11
31 210
31 636
32 51
32 750
32 792
32 1027
32 1662
33 110
33 216
33 292
33 395
33 503
33 547
33 573
33 615
33 1031
33 1237
34 90
34 133
34 289
34 335
34 371
34 385
34 449
34 833
34 1147
34 1232
35 4
35 196
36 5
38 18
39 3
40 1117
40 1901
41 98
41 339
41 428
41 1124
41 1332
41 1652
42 33
42 56
42 83
42 194
42 474
42 1476
43 180
43 966
44 345
44 442
45 6
45 123
45 531
46 169
46 217
46 413
46 839
46 1044
46 1128
48 91
48 168
48 272
48 1035
48 1694
48 1788
49 580
50 19
51 128
51 754
51 1052
51 1156
53 744
53 822
53 933
53 954
53 1103
53 1207
53 1238
53 1326
53 1475
53 1738
53 1747
55 33
55 192
55 207
55 228
55 1800
56 304
56 397
56 725
56 1081
57 5
58 11
59 5
60 463
61 8
62 5
62 132
62 470
62 505
62 848
62 1096
63 4
63 92
63 400
63 1717
65 410
65 893
65 1503
67 8
67 107
67 115
67 1372
67 1448
68 832
68 1082
68 1542
69 978
70 177
70 1131
71 75
71 77
71 99
71 112
71 118
71 120
71 134
71 139
71 332
71 577
71 1039
71 1170
71 1623
71 1980
72 4
72 1353
73 6
73 93
73 202
73 772
73 1126
73 1533
74 167
74 223
74 280
74 388
74 509
74 1790
75 495
75 583
75 644
75 679
75 1097
75 1256
75 1985
76 26
77 1163
78 4
78 370
78 1768
79 33
80 49
80 104
81 8
82 8
82 211
82 564
82 1555
82 1765
83 409
84 960
84 1162
86 179
86 545
86 667
86 849
88 8
88 1414
89 11
89 184
89 208
89 259
89 260
89 974
91 212
91 611
91 1962
92 125
92 1014
93 481
93 1291
93 1631
94 67
94 277
95 11
96 23
97 2
100 11
100 172
100 1744
101 358
101 794
101 1518
101 1648
102 265
102 301
102 352
102 634
102 1181
105 67
106 519
106 724
107 188
107 205
107 1482
108 56
108 1835
111 45
112 1911
113 1063
113 1912
114 66
114 552
114 1753
115 165
115 1947
116 70
117 41
118 1301
120 1094
121 49
121 964
122 53
122 147
122 486
122 709
122 767
122 881
122 1078
123 584
126 26
127 40
127 229
127 329
127 343
127 1106
127 1218
127 1226
129 32
129 1417
129 1887
130 2
130 140
130 344
130 1650
130 1875
131 53
133 138
133 324
135 8
135 798
135 1488
136 342
136 424
136 655
136 1666
137 479
137 1740
140 412
140 1357
141 4
143 53
144 88
145 4
146 632
146 1497
146 1734
147 149
147 1217
147 1715
148 921
149 222
149 868
149 1852
151 225
152 4
153 71
153 887
153 1525
153 1720
154 84
154 559
154 963
154 1989
155 15
156 93
157 69
157 673
158 1
159 126
159 286
159 719
159 1703
159 1977
160 63
160 230
160 721
161 146
162 3
162 757
162 1722
163 189
164 4
165 252
166 5
166 568
167 1600
168 865
168 1060
171 69
173 551
174 51
178 432
181 82
181 1305
181 1385
182 1033
183 176
183 736
183 1634
185 7
185 1059
186 4
186 355
186 929
187 234
187 753
187 1041
188 215
188 766
188 1856
189 1321
189 1366
190 149
190 434
191 25
193 24
193 311
193 1349
193 1667
194 435
195 87
196 782
197 16
197 756
199 46
200 42
200 327
200 705
200 717
200 924
200 1895
201 136
202 533
202 951
202 1737
203 68
203 374
204 69
204 1919
205 312
205 319
206 178
206 555
206 1034
208 897
208 1639
209 3
210 251
212 983
212 1780
212 1992
213 950
214 193
214 290
218 51
218 246
218 263
218 328
218 353
218 427
218 443
218 444
218 511
218 579
218 1067
218 1296
218 1558
218 1922
219 43
219 1048
220 127
220 1502
223 467
223 550
226 127
226 952
226 1036
227 53
229 1392
229 1509
229 1806
230 1165
231 172
231 323
231 718
231 1289
231 1709
232 33
232 368
233 1
235 4
236 226
237 164
238 123
238 1011
238 1327
238 1492
238 1804
239 141
240 32
241 149
242 122
243 5
244 32
244 315
244 1397
244 1604
245 71
246 420
246 807
246 994
246 1651
247 5
248 26
248 354
248 1849
250 160
250 299
250 649
250 662
250 1182
251 1167
254 122
255 4
255 1339
255 1423
256 3
257 246
257 360
258 212
259 582
259 616
259 997
259 1122
261 176
262 130
262 462
262 1245
263 460
263 1472
264 41
264 988
264 1958
267 7
267 310
267 976
268 33
268 1159
269 4
271 107
273 255
273 414
273 874
273 1358
274 170
275 27
275 408
275 1164
275 1438
276 34
277 1837
278 4
279 193
279 1325
280 373
281 455
281 774
282 6
283 5
283 1324
284 2
284 949
284 956
284 1890
285 284
285 1145
286 1246
287 1008
287 1069
288 24
288 900
288 1132
291 2
293 164
294 365
294 825
296 206
297 166
297 1561
298 2
298 1024
298 1354
300 49
302 5
303 286
305 65
306 84
306 853
306 1175
307 69
308 93
311 378
313 69
314 53
315 778
316 220
316 456
316 535
316 700
316 842
316 1247
316 1272
317 115
318 33
318 439
318 786
318 916
318 1244
318 1786
320 174
321 1590
322 82
323 421
323 1089
324 1589
326 5
329 1614
330 147
331 4
331 604
331 1429
331 1926
332 613
332 641
332 795
332 1086
332 1255
332 1705
333 53
334 93
335 1114
336 316
337 136
338 64
338 504
338 506
338 1123
340 8
341 191
343 1929
345 543
345 664
346 165
348 316
348 1617
349 183
350 235
351 4
354 1398
354 1605
356 316
357 58
357 998
358 1552
359 45
359 1076
360 422
360 1410
361 4
361 448
361 561
362 18
363 596
363 1029
363 1136
364 344
364 1100
365 932
367 84
368 1959
369 411
369 480
369 1201
369 1507
370 748
370 775
371 581
373 393
373 903
374 1575
375 119
376 1
377 6
380 586
382 108
383 2
384 277
385 426
385 702
385 809
385 1137
386 130
386 468
387 273
387 591
387 1975
389 361
390 588
391 149
392 65
394 273
396 62
398 332
399 252
399 629
400 1075
402 26
403 29
405 71
406 781
406 1655
407 539
408 1091
409 857
413 1186
415 18
416 146
417 366
418 9
418 652
419 395
419 658
419 691
419 793
419 1153
423 26
424 1387
424 1813
425 179
425 578
429 93
429 729
429 1107
430 202
430 1964
431 64
431 1653
433 197
436 180
437 1262
438 5
440 246
441 218
441 556
441 1020
442 537
442 979
445 250
446 421
447 326
449 1173
450 11
451 152
452 1
453 1258
455 1183
456 989
457 171
457 821
457 1797
458 8
461 193
462 1974
463 1520
464 441
465 168
466 32
466 1083
467 867
468 639
468 654
468 776
468 1250
469 316
469 768
469 1684
471 53
471 1789
471 1945
472 169
472 958
472 973
473 4
476 381
477 324
478 43
482 3
483 132
483 1569
484 189
484 572
485 176
487 316
487 1304
487 1373
488 93
490 553
491 297
491 525
492 29
493 6
494 69
494 675
494 826
494 1007
494 1283
496 392
497 358
498 202
499 89
500 876
500 1757
501 65
502 62
506 526
506 1208
506 1419
506 1918
507 16
508 15
510 27
511 1939
512 624
513 449
514 316
514 816
515 384
516 341
517 147
518 830
520 158
520 625
520 1274
521 162
521 1376
522 277
523 46
524 26
524 633
524 991
526 621
526 925
526 1390
527 138
528 463
529 384
530 200
532 489
534 74
536 808
537 620
538 338
538 791
538 1547
541 4
542 252
544 4
546 23
547 911
548 7
549 316
550 763
556 1477
557 381
558 200
559 1796
560 409
562 262
563 214
563 783
563 859
563 920
565 113
566 716
566 1340
566 1516
566 1923
567 49
568 1522
569 22
570 131
570 975
571 114
571 708
572 617
573 850
574 506
575 108
576 188
579 1938
579 2000
583 1302
584 1594
584 1732
585 6
585 947
585 1640
587 160
587 599
590 279
592 940
592 1908
593 181
593 1166
594 316
594 945
595 1193
597 19
598 208
599 870
600 390
600 1377
601 141
601 1189
601 1381
601 1831
601 1883
602 180
602 953
603 2
604 1678
605 93
606 121
607 420
608 5
609 566
610 426
614 23
615 622
615 1021
616 813
618 145
619 41
622 1092
625 733
626 21
627 246
627 672
627 1394
628 452
629 666
629 817
629 1130
629 1151
630 17
631 2
635 5
635 1168
636 1281
637 115
638 26
640 71
643 600
644 810
645 962
645 1581
645 1746
647 517
648 321
649 668
651 273
651 734
653 4
656 65
656 1446
656 1760
656 1906
657 599
658 1730
659 385
659 732
660 332
660 1386
661 110
662 710
662 1192
662 1500
662 1859
663 130
664 1588
665 93
668 1601
669 136
669 1595
670 324
671 71
676 74
677 229
678 29
678 730
679 1860
680 316
681 349
682 250
683 62
683 993
684 118
685 67
686 146
686 936
686 1654
686 1846
687 236
688 4
690 441
692 194
694 639
695 29
696 27
697 279
698 50
699 541
700 1548
701 615
702 1742
703 1430
704 264
706 122
707 4
711 46
712 434
712 1066
713 601
714 37
714 1498
715 601
718 1540
718 1608
718 1701
720 152
720 1090
722 81
722 1712
723 622
723 1916
724 760
726 17
727 2
728 393
731 43
732 1085
733 1212
735 298
737 749
737 1088
739 518
740 71
741 148
743 146
743 1046
743 1865
746 55
747 332
749 1160
751 8
752 18
754 1129
754 1677
755 41
759 194
759 1403
760 1329
761 1393
761 1698
762 418
763 1297
765 176
769 62
769 898
769 1227
771 309
772 1056
773 716
774 811
777 25
778 965
779 380
780 321
787 126
788 454
789 11
790 5
792 1055
793 1308
795 1051
795 1190
795 1347
796 137
797 255
799 447
800 787
800 1234
801 68
802 167
802 901
803 520
804 361
805 244
806 568
807 1087
807 1571
809 847
809 854
810 1006
811 959
812 733
814 601
815 331
816 1141
817 866
818 595
819 33
820 524
823 374
824 153
824 1950
827 319
827 1802
829 488
830 1176
831 1957
833 1944
834 83
835 361
836 16
837 791
837 1566
838 4
840 100
841 759
843 267
844 4
846 170
847 1150
851 218
852 173
855 540
856 1
858 183
859 1876
861 77
862 291
862 1053
862 1295
864 29
869 769
871 852
872 8
875 547
877 4
878 674
879 147
879 1309
879 1543
880 4
882 219
882 1763
883 800
884 63
885 361
886 8
886 1389
888 210
889 368
889 1198
890 250
891 133
892 4
894 520
894 1714
895 23
898 1940
899 218
902 178
903 1058
904 165
905 861
906 21
907 443
908 478
908 1672
909 26
910 662
912 896
914 3
915 627
916 1584
917 690
918 164
919 479
923 10
926 422
927 153
928 75
928 1294
930 121
931 11
934 4
935 195
937 35
938 273
939 506
941 250
942 82
943 188
944 206
946 26
947 1508
948 369
954 1755
955 83
957 699
961 808
967 147
968 93
969 23
970 60
971 584
971 1626
972 3
977 2
977 987
980 550
981 591
982 81
983 1750
984 178
985 296
986 206
990 60
992 622
994 1613
995 181
996 931
999 287
1000 5
1003 627
1004 49
1005 41
1010 122
1012 140
1013 601
1015 612
1016 86
1017 777
1018 122
1019 954
1021 1184
1022 41
1023 672
1025 1713
1027 1969
1028 212
1030 2
1032 84
1033 1374
1036 1158
1036 1474
1036 1644
1037 429
1038 376
1040 754
1042 11
1043 25
1043 1514
1044 1050
1045 25
1049 218
1054 248
1057 86
1061 1323
1061 1344
1061 1808
1062 429
1064 168
1065 225
1068 272
1070 524
1071 680
1072 840
1073 240
1074 218
1076 1821
1076 1993
1077 904
1078 1311
1079 22
1080 630
1083 1266
1084 515
1084 1425
1085 1228
1093 711
1095 5
1097 1896
1099 359
1102 49
1104 1229
1105 489
1108 119
1109 164
1110 793
1110 1380
1111 147
1112 189
1113 56
1115 880
1116 571
1116 1408
1118 92
1120 147
1120 1681
1121 291
1122 1687
1125 311
1127 392
1133 186
1134 1032
1135 4
1137 1264
1138 326
1140 965
1142 554
1143 928
1144 931
1146 123
1148 200
1149 2
1149 1154
1152 635
1155 193
1157 723
1161 53
1163 1728
1164 1776
1169 614
1171 1021
1174 186
1177 71
1179 17
1181 1925
1182 1462
1185 363
1187 936
1187 1739
1188 326
1191 218
1194 618
1195 724
1196 1135
1197 500
1199 791
1200 92
1202 703
1203 488
1204 1191
1204 1298
1205 888
1206 218
1207 1369
1207 1458
1209 3
1211 393
1212 1567
1213 662
1214 359
1215 605
1216 77
1219 809
1220 183
1221 173
1223 154
1224 152
1224 1927
1225 545
1230 117
1231 984
1231 1799
1233 1184
1234 1253
1235 75
1236 142
1239 11
1240 572
1241 318
1242 1459
1243 518
1248 288
1249 147
1251 4
1252 119
1254 1072
1254 1277
1257 1049
1259 601
1260 78
1260 1447
1261 1079
1263 56
1267 711
1268 21
1269 938
1270 237
1271 986
1273 928
1274 1598
1275 1152
1276 601
1278 1043
1279 25
1280 1272
1281 1619
1282 8
1284 188
1284 1426
1285 696
1286 428
1287 601
1288 31
1290 1239
1292 473
1293 642
1299 71
1300 74
1303 510
1305 1816
1306 4
1307 53
1310 795
1312 1203
1313 48
1315 2
1315 1628
1317 3
1318 1274
1319 595
1320 1252
1322 419
1322 1427
1330 71
1331 880
1333 73
1335 370
1337 331
1338 263
1341 671
1342 386
1343 148
1345 183
1346 1247
1348 53
1350 651
1350 1537
1351 719
1351 1695
1355 948
1356 1019
1357 1937
1358 1795
1359 764
1359 1362
1360 615
1360 1596
1361 656
1363 615
1363 1706
1364 976
1365 267
1367 106
1369 1506
1369 1976
1370 743
1370 1767
1371 745
1375 1267
1376 1572
1376 1828
1378 614
1379 237
1382 183
1383 29
1384 286
1388 594
1388 1493
1391 84
1392 1843
1395 70
1396 51
1399 1811
1400 11
1401 659
1402 467
1404 104
1405 240
1406 11
1407 1364
1409 354
1411 808
1412 1676
1413 821
1415 52
1416 554
1418 888
1420 200
1421 208
1422 439
1422 1577
1424 508
1428 113
1431 231
1432 34
1433 407
1434 808
1435 618
1436 223
1437 733
1439 781
1441 1469
1442 794
1443 214
1443 1479
1444 88
1445 109
1449 1166
1450 789
1451 481
1452 1390
1453 1107
1454 669
1455 173
1456 332
1456 1872
1457 1279
1457 1697
1461 913
1463 149
1464 826
1465 1685
1466 461
1467 51
1468 8
1470 589
1471 1335
1473 692
1478 398
1481 455
1483 932
1483 1528
1484 65
1486 724
1487 1363
1489 712
1490 4
1491 18
1494 53
1495 101
1496 903
1499 629
1499 1521
1501 361
1504 645
1505 224
1510 306
1511 74
1512 84
1513 498
1515 764
1517 360
1519 69
1523 1335
1526 390
1527 250
1529 5
1530 1072
1531 84
1535 192
1536 8
1539 1354
1541 153
1544 1234
1549 33
1550 1181
1551 649
1553 146
1553 1587
1554 522
1556 1413
1557 146
1559 506
1559 1700
1559 1794
1560 978
1562 113
1563 1114
1564 361
1565 277
1568 46
1570 1033
1571 1892
1573 245
1574 724
1576 380
1578 976
1579 478
1580 75
1582 288
1583 45
1585 70
1585 1885
1586 145
1591 26
1592 802
1593 645
1594 1723
1597 74
1599 1440
1602 4
1602 1904
1606 262
1607 545
1609 1324
1610 167
1611 439
1612 75
1615 1242
1616 11
1618 382
1620 513
1621 22
1622 166
1624 1193
1625 25
1627 140
1627 1930
1629 1551
1630 193
1632 388
1633 422
1635 4
1636 114
1638 919
1641 490
1642 1556
1643 629
1645 743
1646 2
1647 693
1648 1928
1649 862
1657 5
1658 153
1660 11
1661 185
1663 1
1664 1207
1665 777
1669 284
1670 53
1671 1443
1673 635
1674 705
1675 140
1679 5
1680 2
1682 1002
1683 1317
1686 761
1689 1011
1690 188
1691 5
1693 951
1696 25
1699 157
1702 130
1704 1412
1707 1847
1707 1882
1708 555
1710 1126
1711 140
1716 672
1718 695
1719 1572
1721 18
1725 310
1726 1033
1727 1606
1727 1853
1729 262
1731 668
1733 1447
1735 932
1736 662
1738 1995
1741 4
1743 572
1743 1967
1745 886
1748 810
1749 34
1751 82
1752 43
1754 951
1756 871
1758 229
1759 665
1761 594
1762 324
1764 140
1766 167
1769 1365
1770 71
1772 559
1773 1771
1774 656
1775 369
1777 226
1778 315
1779 26
1779 1820
1782 25
1783 154
1784 11
1785 288
1787 1563
1789 1970
1791 142
1792 352
1793 71
1798 1264
1801 1451
1803 338
1805 84
1807 1302
1809 1534
1810 469
1812 1094
1814 1510
1815 1136
1817 1473
1818 1747
1819 1085
1822 58
1823 377
1824 1324
1825 984
1826 7
1827 1335
1829 1473
1830 882
1832 1033
1833 1430
1834 457
1834 1893
1836 73
1838 982
1839 100
1840 1264
1841 1370
1842 538
1844 1190
1846 1884
1848 229
1848 1862
1851 1512
1854 74
1855 635
1857 212
1858 136
1861 5
1863 406
1864 1477
1866 1287
1867 107
1868 1460
1869 174
1871 1770
1873 1394
1874 592
1877 1639
1878 1501
1879 32
1880 160
1881 538
1886 1341
1888 1187
1889 415
1891 21
1894 1335
1897 5
1898 146
1899 4
1900 1072
1902 307
1903 407
1905 1634
1907 1249
1909 1420
1910 1042
1914 51
1915 927
1917 954
1921 445
1924 108
1931 395
1932 56
1933 4
1934 273
1935 101
1936 108
1941 11
1942 489
1943 947
1946 1198
1948 320
1949 2
1951 391
1952 1622
1953 1607
1954 203
1955 471
1956 1847
1960 100
1961 594
1963 229
1965 53
1966 1441
1968 43
1971 604
1972 878
1973 971
1978 1734
1979 72
1981 17
1982 154
1983 388
1984 387
1987 1648
1988 107
1990 48
1991 53
1994 33
1996 908
1997 445
1998 75
1999 92
