1 4
1 4
1 15
1 33
1 61
1 82
1 125
1 145
1 164
1 307
1 319
1 367
1 405
1 510
1 581
1 587
1 745
1 831
1 915
1 970
1 971
1 1005
1 1546
1 1795
1 1858
2 1
2 5
2 8
2 13
2 16
2 17
2 18
2 19
2 22
2 27
2 43
2 65
2 79
2 98
2 101
2 115
2 115
2 117
2 128
2 129
2 158
2 159
2 161
2 171
2 188
2 199
2 209
2 210
2 227
2 256
2 261
2 312
2 318
2 323
2 358
2 388
2 394
2 408
2 461
2 479
2 545
2 555
2 602
2 614
2 673
2 686
2 699
2 754
2 838
2 881
2 956
2 978
2 984
2 994
2 996
2 1095
2 1104
2 1113
2 1218
2 1397
2 1411
2 1445
2 1446
2 1588
2 1618
2 1663
2 1735
2 1796
2 1818
2 1913
2 1930
3 1
3 2
3 6
3 77
3 94
3 233
3 297
3 494
3 650
3 714
3 1547
3 1556
3 1651
3 1787
4 36
4 41
4 53
4 151
4 175
4 242
4 362
4 377
4 575
4 847
4 894
4 962
4 1074
4 1511
4 1559
5 2
5 58
5 361
5 657
5 968
5 1158
5 1229
5 1400
5 1458
5 1566
6 3
6 47
6 50
6 63
6 68
6 71
6 77
6 138
6 346
6 367
6 775
6 829
6 861
6 940
6 1049
6 1222
6 1631
6 1688
6 1854
6 1857
7 4
7 1
7 24
7 29
7 83
7 86
7 91
7 103
7 108
7 139
7 174
7 176
7 177
7 267
7 492
7 892
7 1077
7 1128
7 1322
7 1618
7 1645
7 1724
7 1833
8 7
8 15
8 31
8 35
8 81
8 120
8 213
8 223
8 224
8 336
8 350
8 392
8 886
8 961
8 1200
8 1304
9 6
9 7
9 87
9 103
9 191
9 255
9 380
9 641
9 910
9 1274
9 1377
9 1592
9 1982
9 1994
10 8
10 1
10 80
10 131
10 148
10 431
10 702
10 1038
10 1243
10 1603
10 2000
11 8
11 2
11 12
11 46
11 180
11 180
11 298
11 359
11 560
11 769
11 1249
11 1692
11 1732
12 2
12 30
12 43
12 240
12 310
12 465
12 480
12 685
12 761
12 1244
13 1
13 16
13 24
13 28
13 54
13 59
13 81
13 93
13 104
13 114
13 141
13 175
13 189
13 306
13 323
13 406
13 492
13 509
13 556
13 667
13 682
13 719
13 721
13 747
13 797
13 815
13 854
13 885
13 905
13 939
13 951
13 1096
13 1096
13 1113
13 1125
13 1155
13 1176
13 1278
13 1911
14 3
14 3
14 26
14 94
14 169
14 343
14 485
14 519
14 607
14 965
14 976
14 1222
14 1722
14 1847
14 1854
15 53
15 282
15 304
15 314
15 337
15 785
15 953
15 1358
15 1365
15 1373
15 1660
15 1950
16 324
16 426
16 933
16 1227
16 1442
17 6
17 38
17 211
17 278
17 524
17 1295
17 1418
17 1608
17 1889
18 8
18 49
18 64
18 101
18 480
18 628
18 825
18 1243
18 1277
18 1487
18 1816
18 1887
18 1968
18 1996
19 7
19 216
19 280
19 319
19 469
19 1153
19 1351
20 7
20 19
20 30
20 154
20 271
20 287
20 932
20 1050
20 1088
20 1285
21 6
21 8
21 102
21 139
21 264
21 356
21 385
21 585
21 642
21 742
21 938
21 1018
21 1761
21 1765
21 1788
22 13
22 71
22 215
22 233
22 268
22 344
22 773
22 950
22 1038
22 1126
22 1326
22 1507
22 1571
22 1703
23 2
23 8
23 90
23 145
23 601
23 1204
23 1721
24 82
24 99
24 124
24 130
24 132
24 132
24 134
24 183
24 260
24 364
24 379
24 529
24 545
24 624
24 639
24 826
24 850
24 1361
24 1738
24 1789
24 1848
24 1934
25 4
25 2
25 26
25 35
25 1130
26 96
26 462
26 463
26 475
26 592
26 741
26 752
26 1061
26 1090
26 1105
26 1157
26 1218
26 1334
26 1496
26 1709
27 2
27 66
27 120
27 1951
28 2
28 39
29 3
29 95
29 1042
30 620
30 630
30 709
30 1117
30 1880
31 24
31 34
31 45
31 263
31 285
31 1200
31 1628
32 5
32 2
32 294
32 330
32 366
32 763
32 1093
32 1106
33 3
33 144
33 190
33 217
33 598
33 780
33 1637
34 22
34 491
34 517
34 921
34 1087
34 1747
34 1848
34 1951
36 24
36 42
36 67
36 74
36 76
36 97
36 158
36 189
36 193
36 277
36 372
36 1300
36 1416
36 1429
36 1558
36 1746
36 1871
37 1
37 4
37 900
37 1071
37 1492
37 1770
38 24
38 40
38 89
38 136
38 255
38 374
38 375
38 460
38 634
38 1185
38 1189
38 1691
39 2
39 1212
40 26
40 67
40 289
40 329
40 1135
40 1462
40 1733
41 2
41 257
41 974
42 2
42 814
42 837
42 925
42 952
42 1138
42 1304
42 1958
43 47
43 48
43 63
43 64
43 220
43 237
43 254
43 522
43 573
43 1048
43 1205
44 24
44 36
44 762
44 1025
45 14
45 160
45 208
45 261
45 326
45 408
45 561
45 655
45 911
45 971
45 1061
45 1099
45 1271
45 1292
45 1331
46 26
46 399
46 627
46 637
46 650
46 807
46 1009
46 1069
46 1151
46 1181
46 1236
46 1425
47 166
47 196
47 281
47 290
47 549
47 686
47 1976
48 9
48 133
48 195
48 893
49 30
49 383
49 432
49 747
49 827
49 1621
49 1716
50 15
50 156
50 566
50 786
50 874
51 24
51 11
51 1097
51 1415
51 1470
52 11
52 10
52 409
52 986
52 1173
52 1548
54 2
54 270
54 454
54 646
54 677
54 1116
54 1394
54 1696
54 2000
55 36
55 52
55 87
55 123
55 232
55 911
55 1535
55 1728
55 1893
56 7
56 40
56 98
56 614
56 789
56 855
56 1719
56 1836
57 4
57 8
57 1217
58 8
58 477
58 1443
59 7
59 69
59 458
59 783
59 995
59 1132
59 1288
59 1681
60 34
60 55
60 162
60 217
60 360
60 582
60 653
60 1184
61 45
61 1580
62 24
62 54
62 70
62 137
62 258
62 535
62 556
62 570
62 580
62 708
62 1060
62 1345
64 907
65 13
65 197
65 923
66 40
66 124
66 184
66 341
66 1037
66 1275
67 376
67 504
67 655
68 10
68 173
68 246
68 1182
68 1500
68 1755
68 1973
69 2
69 91
69 110
69 161
69 334
69 455
69 543
69 634
69 1519
69 1589
70 2
70 308
70 400
70 1714
71 73
71 169
71 194
71 393
71 557
71 679
71 1886
72 54
72 2
72 437
72 1247
73 1
73 153
73 181
73 182
73 413
73 542
73 583
73 1001
73 1276
73 1310
73 1584
73 1810
73 1955
74 33
74 536
74 1612
74 1965
75 8
75 2
75 179
75 327
75 347
75 733
76 53
76 470
77 90
78 2
78 72
78 211
78 373
78 505
78 536
78 716
78 835
78 1306
78 1358
79 6
79 140
79 1262
80 5
80 93
80 107
80 127
80 224
80 278
80 281
80 535
80 700
80 705
80 1230
80 1529
80 1533
81 219
82 84
82 107
82 135
82 312
82 352
82 393
82 469
82 699
82 1202
82 1327
82 1408
82 1511
82 1532
83 66
83 133
83 297
83 676
83 1108
83 1704
84 25
84 121
84 1434
84 1976
85 32
85 18
85 674
85 1125
86 60
86 446
86 565
86 712
86 811
86 865
86 1490
86 1510
87 242
87 321
87 378
87 459
87 475
87 1565
88 11
88 18
88 187
88 293
88 1171
88 1276
89 8
89 92
89 157
89 186
89 246
89 515
89 591
89 859
89 928
89 941
89 959
89 1192
89 1202
89 1266
89 1504
90 125
90 156
90 197
90 409
90 439
90 523
90 833
90 914
90 933
90 1021
90 1118
90 1224
90 1575
90 1665
90 1811
91 511
91 937
92 27
92 332
92 628
93 1545
94 100
94 1272
95 22
95 119
95 435
95 798
95 1818
96 13
96 298
96 322
97 87
97 880
98 1564
99 42
99 121
99 351
99 731
100 6
100 968
101 858
102 90
102 499
102 612
102 669
102 958
102 1506
103 568
103 617
103 1993
104 22
104 146
104 190
104 288
104 595
104 1119
104 1158
104 1367
104 1674
104 1675
104 1683
105 15
105 23
105 247
105 1817
105 1942
106 58
106 48
106 230
106 232
106 239
106 342
106 447
106 493
106 1424
106 1435
106 1755
106 1762
106 1869
108 71
108 110
108 146
108 186
108 417
108 1072
108 1073
108 1149
108 1671
109 80
109 1
109 986
110 276
110 434
111 2
111 108
111 1083
112 58
112 34
112 122
112 192
112 407
112 1047
113 43
113 2
113 1489
113 1939
114 24
114 149
114 316
114 389
114 418
114 943
114 1162
114 1382
114 1737
115 207
115 927
115 1137
115 1484
115 1493
115 1642
116 45
116 22
117 78
117 291
117 781
117 863
117 1006
117 1190
117 1356
117 1576
117 1952
118 36
118 55
118 1283
118 1439
119 90
119 368
119 594
119 672
120 605
120 1900
121 324
121 360
121 1029
122 13
122 218
122 486
123 8
123 201
123 279
123 347
123 481
123 675
123 676
123 877
123 1137
123 1197
123 1417
123 1600
123 1626
123 1971
125 313
125 1048
126 11
126 83
126 572
126 929
127 13
127 128
127 200
127 584
127 1440
128 154
128 226
128 241
128 301
128 350
128 433
128 526
128 588
128 1094
128 1315
128 1560
128 1604
128 1993
129 96
129 250
129 390
129 398
129 1095
130 90
130 325
130 1173
130 1819
131 71
132 402
132 799
132 806
132 1329
132 1345
132 1697
133 152
133 1003
133 1086
133 1667
133 1705
134 15
134 239
134 452
134 641
134 1393
134 1659
134 1683
135 2
135 136
135 320
135 441
135 558
135 611
135 1007
135 1505
135 1813
136 236
136 254
136 742
136 942
136 994
137 19
137 153
137 1035
137 1142
137 1390
138 28
138 173
139 598
139 935
140 137
140 311
140 1099
140 1305
141 6
141 142
141 411
141 476
141 495
141 500
141 552
141 692
141 793
141 886
141 1456
141 1510
141 1904
142 13
142 992
143 78
143 16
143 450
143 1289
143 1774
144 125
144 308
144 1514
144 1902
145 766
145 1036
145 1039
145 1201
145 1354
145 1594
147 142
147 87
147 149
147 265
148 93
148 384
148 758
148 1146
148 1594
149 171
149 752
149 1723
150 148
150 9
151 145
151 218
152 59
152 225
152 715
153 209
155 68
155 49
156 1557
157 94
157 354
157 621
157 1316
158 1918
159 73
159 757
159 847
159 1003
159 1034
160 121
160 203
160 391
160 509
160 992
160 1563
161 187
161 243
162 18
162 1687
163 118
163 1
163 214
163 623
163 728
163 778
163 917
163 1479
163 1524
163 1537
163 1593
164 3
164 286
164 540
164 901
164 1234
164 1349
164 1749
165 71
165 109
166 104
166 1236
167 6
167 38
167 392
167 845
168 56
168 2
168 266
168 1804
169 370
169 554
169 1246
170 153
170 163
170 229
170 231
170 442
171 244
171 258
171 608
171 1679
172 34
172 47
172 337
172 620
173 296
173 637
173 1733
174 59
174 514
174 751
174 996
174 1757
175 1023
175 1913
176 117
176 549
176 950
177 72
177 800
178 127
178 170
178 633
178 1737
179 40
179 1856
181 11
181 1194
182 45
183 106
183 228
183 241
183 1623
184 163
184 1419
185 83
185 9
186 1568
187 768
188 16
188 402
191 106
191 301
191 401
191 490
191 507
191 599
191 1875
192 86
192 410
192 977
192 1175
193 3
193 1824
194 1
194 355
194 449
194 533
194 844
194 862
194 1748
195 123
196 36
197 969
197 1143
197 1665
198 130
198 45
198 1186
199 59
200 91
201 18
201 632
201 743
201 1170
201 1841
202 83
202 42
202 1010
203 40
204 3
204 94
204 1294
205 85
205 7
205 348
206 145
206 26
206 343
206 596
206 1032
206 1132
206 1138
207 12
208 7
208 302
208 378
208 1080
208 1556
209 397
209 491
210 208
210 456
210 493
210 776
210 1055
211 538
211 586
212 92
212 141
213 9
213 1340
213 1712
214 189
214 465
215 210
215 939
215 1311
216 24
216 1562
216 1641
217 251
218 303
218 439
218 660
218 990
218 1505
219 9
219 223
219 590
219 838
219 1307
219 1422
220 132
221 143
221 153
221 546
221 736
222 144
222 11
222 626
222 726
222 912
222 1052
224 737
225 10
225 331
225 603
225 1107
226 3
226 1629
227 40
227 1378
227 1423
227 1742
228 72
229 188
229 565
229 662
229 1082
229 1989
230 83
230 999
231 45
231 339
231 709
231 761
231 830
232 669
232 1625
234 3
234 47
235 11
235 82
235 746
235 1489
235 1656
236 229
236 274
236 322
236 560
236 821
237 223
237 1025
237 1242
237 1608
238 13
238 78
238 481
239 1551
239 1902
240 4
240 1480
242 496
242 600
242 663
242 1785
243 82
244 85
245 36
245 209
245 428
245 666
245 800
245 936
245 967
245 1333
245 1543
245 1997
246 606
246 662
246 913
246 1391
246 1949
247 104
247 484
247 1451
248 24
248 17
248 371
248 389
248 517
248 521
248 831
248 896
248 899
248 1335
248 1615
248 1861
249 87
249 81
249 264
250 102
250 365
250 622
250 672
250 1347
250 1449
251 194
251 451
252 56
252 193
252 474
253 10
253 101
255 342
255 870
255 1439
256 163
257 198
257 1062
258 1391
259 74
259 237
260 4
260 735
260 1000
261 461
261 1928
262 10
262 39
262 589
262 1512
262 1584
263 63
264 427
265 15
265 640
266 145
266 270
266 349
266 357
266 745
266 902
266 1905
267 258
267 380
268 5
268 1669
269 82
269 95
269 313
269 1091
270 713
271 119
271 424
271 576
271 851
271 1895
272 12
272 163
272 1156
273 1
273 194
273 523
273 651
273 1007
274 39
275 193
275 235
275 577
275 618
276 262
276 414
276 438
276 870
276 917
276 1215
276 1248
276 1252
277 132
277 487
277 1049
278 749
278 806
278 1356
278 1800
278 1809
279 273
279 561
280 140
280 508
280 920
281 416
282 108
282 468
282 1314
283 276
283 2
284 208
284 225
284 345
284 1476
285 277
285 513
285 1160
285 1440
286 100
286 1729
287 94
287 1177
287 1455
288 196
288 1067
288 1559
289 280
289 1341
289 1624
290 24
291 216
292 288
292 108
292 484
292 1504
292 1926
293 89
294 277
295 15
295 46
295 778
295 1573
296 159
298 642
298 1499
299 144
299 82
299 1066
300 157
300 75
300 964
300 1475
301 663
302 87
302 421
302 768
302 1422
303 12
304 24
304 1459
304 1640
304 1743
305 299
305 75
306 227
307 210
308 1432
309 71
309 256
310 302
310 426
310 1274
311 13
311 1078
311 1221
313 413
313 1268
314 244
314 744
314 1892
315 129
315 110
316 274
317 2
317 123
317 1295
317 1434
317 1850
318 48
318 372
318 424
318 1054
318 1213
318 1666
319 647
319 1244
319 1780
319 1894
320 3
320 457
320 457
320 541
320 1599
321 42
321 703
321 1387
323 440
323 832
323 1062
323 1267
324 1043
324 1767
325 128
325 1715
326 171
327 7
327 505
327 666
327 1394
328 95
328 192
328 430
328 1111
329 16
329 721
329 1572
330 15
330 851
330 1036
330 1536
330 1982
331 2
331 528
331 726
331 928
331 1136
332 153
333 206
333 194
334 2
334 1186
334 1941
335 121
335 82
336 230
336 658
337 670
338 54
338 49
338 415
339 65
339 442
339 1057
340 262
340 101
340 975
340 1087
340 1337
341 52
341 485
341 1731
343 1581
344 248
344 828
344 1800
345 82
345 1008
346 80
346 1944
348 30
348 1642
348 1644
348 1974
349 256
349 488
351 194
352 239
352 1959
353 31
353 145
353 622
353 664
353 1085
353 1385
354 295
354 450
354 795
354 1548
354 1996
355 71
356 128
356 927
357 233
358 119
358 401
358 403
358 527
358 1112
359 87
360 362
360 926
360 1519
361 360
361 496
361 1702
363 9
363 92
363 711
363 1134
363 1338
363 1717
363 1819
364 56
365 20
365 1070
366 50
367 415
367 1772
368 106
368 651
368 791
369 130
369 16
370 32
370 667
371 228
371 566
373 39
373 1386
374 27
374 609
374 730
374 1264
375 69
375 802
375 878
376 255
376 448
376 1523
377 180
377 1760
378 1160
378 1698
379 245
380 1432
381 7
381 2
381 725
381 956
381 1813
381 1884
382 277
382 102
382 554
383 2
383 432
383 590
383 1399
383 1968
384 278
384 949
384 1348
384 1360
384 1437
385 80
386 229
386 96
387 71
387 94
387 532
387 765
387 1040
387 1695
387 1890
388 160
388 1550
390 1
390 445
390 1287
390 1308
391 320
391 1255
393 612
393 1368
393 1633
394 224
394 417
394 1829
395 302
395 1
396 128
396 396
396 710
397 123
397 1693
398 48
398 1296
399 71
399 587
399 1412
400 10
400 1582
403 45
403 1232
403 1307
403 1700
404 111
404 101
405 150
405 518
406 110
407 36
407 1801
410 260
411 186
411 423
411 1164
411 1554
411 1773
412 209
412 40
412 1150
413 1450
414 186
414 543
415 1583
416 71
416 764
416 1576
416 1883
417 789
418 396
418 710
418 723
418 1682
419 7
419 331
419 422
419 510
419 632
419 668
419 1430
419 1689
420 222
420 5
421 403
422 245
422 1103
422 1998
423 385
423 583
423 604
423 608
423 828
423 916
423 1033
425 351
425 7
425 646
425 995
426 433
426 981
426 1264
427 160
428 31
428 1807
429 162
429 329
430 115
431 2
431 771
432 1334
433 533
433 580
433 1775
433 1802
434 30
435 326
436 232
436 8
436 569
436 1707
437 52
438 136
438 1789
440 171
441 3
442 490
442 657
442 1477
443 271
443 154
443 455
444 160
444 13
444 860
445 163
445 654
446 94
447 61
447 695
447 1332
448 442
449 189
451 316
452 82
452 1645
453 29
453 102
454 78
454 534
454 1527
455 625
456 121
456 629
457 873
457 1839
458 54
458 615
458 772
459 428
459 1768
460 24
462 33
462 931
462 1259
462 1389
463 13
463 1022
463 1191
464 2
464 3
464 1092
464 1180
464 1309
465 582
465 1357
466 297
466 40
466 974
467 40
467 2
468 22
469 830
469 1192
470 261
470 619
471 277
471 14
471 607
471 1258
472 393
472 133
473 141
473 2
474 72
475 539
476 97
476 528
476 1015
477 51
477 769
477 1791
478 82
478 3
478 1384
479 2
479 1606
482 85
482 358
482 1181
482 1793
483 465
483 319
483 957
484 816
484 1552
484 1596
486 240
487 31
487 1197
487 1238
488 295
489 7
489 173
490 702
490 1575
492 1760
493 848
493 1018
493 1182
493 1282
494 231
495 313
495 1152
496 547
496 1010
496 1988
497 239
497 361
498 10
498 134
499 128
499 1529
500 221
501 82
501 21
502 61
502 105
503 71
503 86
504 43
504 807
504 1114
505 512
505 1016
505 1855
506 106
506 502
506 643
507 504
507 555
507 602
507 1410
507 1413
507 1655
507 1743
508 434
511 510
512 46
513 418
514 26
514 578
514 1601
515 43
516 1
516 463
517 682
517 805
517 840
518 141
519 83
520 22
520 499
520 795
520 893
521 377
522 432
522 688
522 826
522 1474
523 993
524 88
524 1211
525 2
525 477
526 128
526 1670
527 203
527 1501
529 163
530 45
530 130
531 1
531 516
532 475
534 106
534 1530
534 1658
535 978
537 130
537 468
537 787
538 129
538 869
538 1456
538 1914
539 347
539 1320
539 1636
540 375
540 1216
540 1718
541 524
541 613
541 1381
541 1461
541 1864
542 444
542 1662
543 1639
544 194
544 40
546 67
547 136
548 2
548 4
549 1319
549 1405
550 52
550 347
551 397
551 52
552 17
553 13
553 169
553 729
553 1641
553 1807
553 1908
556 1649
557 59
557 1343
558 405
559 121
559 328
559 813
559 1101
559 1938
562 4
562 487
562 788
563 37
563 510
564 278
564 15
564 1265
567 36
567 76
568 495
568 987
569 174
569 658
569 1034
569 1407
570 15
570 872
571 78
571 9
571 1464
571 1798
572 14
572 731
572 1028
573 339
573 1769
574 1
574 17
575 18
575 1168
575 1746
576 62
576 1629
576 1721
576 1811
577 58
577 653
577 1104
578 13
579 91
579 459
581 126
582 617
584 46
584 981
584 1386
584 1985
585 1
586 337
586 805
586 1265
587 941
588 3
588 654
588 1053
589 88
589 960
589 991
589 1441
590 889
590 1110
591 45
592 224
592 1595
593 78
593 273
594 148
594 1463
595 133
596 384
596 1341
597 423
597 71
597 1433
598 884
598 1371
599 246
599 857
599 1210
600 2
600 1521
601 2
602 1955
603 276
603 696
603 796
603 1021
603 1845
604 301
605 186
605 1250
605 1885
606 89
606 649
606 1669
609 38
610 130
610 380
610 1207
610 1784
611 453
611 724
612 903
613 106
613 723
615 106
615 820
616 446
616 363
618 345
619 1
619 1876
621 315
621 649
623 187
624 454
625 429
626 495
627 61
629 25
629 1960
630 56
630 1065
630 1141
630 1498
631 13
631 378
631 1655
633 170
634 1017
634 1117
635 308
635 8
636 512
636 47
637 1473
637 1990
638 392
638 278
639 14
640 205
641 804
643 22
643 1053
644 351
644 101
644 1498
645 128
645 55
647 316
647 1063
648 514
648 144
648 1625
650 729
650 1359
651 1102
652 90
652 69
656 405
656 373
656 1797
658 880
659 13
659 371
659 1632
660 242
661 115
661 169
662 1771
663 821
664 132
665 55
665 13
666 1610
667 1016
668 496
668 930
668 1889
669 1477
669 1630
670 390
670 977
670 1592
671 20
671 646
673 295
673 1178
673 1366
674 464
674 712
674 1458
675 397
675 755
675 1673
677 13
678 270
678 130
678 1812
679 89
679 685
679 1943
680 471
680 1
680 1077
680 1324
680 1587
681 204
681 73
682 1015
682 1180
682 1467
683 15
683 10
684 19
684 524
684 993
685 1423
687 556
687 83
687 1273
687 1398
688 86
688 816
689 298
689 347
690 207
690 262
691 179
691 206
692 283
692 891
692 1100
692 1171
692 1652
693 92
693 304
693 827
693 1826
693 1840
694 128
694 22
695 163
696 201
697 102
697 82
697 1392
698 46
698 62
698 1606
700 24
700 1293
700 1495
701 60
701 103
702 1689
703 680
704 213
704 20
704 982
704 1198
705 8
706 413
706 304
707 368
707 104
707 1333
708 82
709 1986
710 925
710 1195
711 73
712 859
712 1161
712 1281
712 1396
712 1967
713 1
713 1353
714 104
714 1275
715 318
715 1328
715 1834
716 635
716 1674
717 510
717 1
718 584
718 3
719 239
720 396
720 186
720 1654
722 135
722 403
724 15
725 245
725 786
725 1500
727 1
727 521
728 208
730 105
732 582
732 244
733 368
733 756
733 1627
734 18
734 210
735 72
735 1098
736 13
737 115
738 541
738 327
739 37
739 670
739 1255
740 571
740 62
740 1868
741 229
743 54
744 634
744 987
744 1891
744 1947
746 688
748 215
748 45
748 1638
749 40
749 1616
750 475
750 121
751 442
751 1235
753 33
753 542
753 889
754 250
755 509
755 777
755 1157
756 286
757 6
757 1013
758 77
759 148
759 341
760 2
760 160
762 8
763 514
763 1450
763 1711
764 8
765 52
765 1930
766 71
767 26
767 17
767 1127
769 1512
770 431
770 83
771 248
771 1517
771 1822
772 244
772 1145
772 1321
773 694
774 612
774 38
775 571
775 1030
775 1055
776 21
777 446
778 1148
779 43
779 419
780 1
781 704
782 128
782 128
782 1942
783 80
783 1188
783 1586
783 1906
784 615
784 94
784 1152
785 768
787 95
788 9
788 1863
790 282
790 178
791 401
791 1017
792 725
792 152
793 352
794 90
794 453
794 900
796 255
796 998
797 2
797 1109
797 1355
798 280
798 817
798 1178
798 1915
798 1980
799 796
799 983
801 13
801 323
802 458
803 165
803 73
804 346
805 1260
808 405
808 690
808 1752
809 370
809 110
810 360
810 443
810 1593
811 24
812 56
812 684
813 194
814 381
814 924
814 1156
815 1
817 118
817 868
817 1063
818 2
818 156
819 272
819 407
819 896
820 650
821 1115
822 22
822 229
822 946
823 85
823 469
824 87
824 80
825 119
826 857
829 314
830 1849
832 90
833 7
834 77
834 165
834 1172
835 73
836 292
836 9
836 1527
836 1874
837 817
839 203
839 199
839 1105
839 1693
840 609
840 1203
840 1379
841 14
841 289
842 248
842 10
843 126
843 780
844 14
845 208
845 1030
845 1663
846 442
846 16
846 1514
848 482
849 71
849 445
849 966
849 1668
850 631
852 2
852 59
852 1091
853 4
853 822
854 2
854 1225
854 1723
854 1893
855 8
856 32
856 789
856 1354
857 1241
858 59
860 154
861 43
861 1991
862 15
863 113
863 1322
863 1488
863 1518
864 235
864 75
864 1184
864 1424
865 534
865 1165
866 14
866 47
867 388
867 24
868 248
869 781
869 1270
871 183
871 172
872 164
873 82
874 240
875 135
875 519
876 194
876 1
876 1835
877 9
877 1310
877 1646
877 1775
878 462
878 903
878 949
879 7
879 40
880 1782
880 1882
881 12
881 1128
882 248
882 813
882 1907
883 14
883 641
884 12
885 161
885 1685
886 1329
887 115
887 423
888 529
888 2
890 18
890 711
890 1871
890 1879
891 121
892 25
892 1448
894 69
895 328
895 757
897 127
897 197
898 349
898 367
898 946
899 572
901 18
901 1900
902 616
904 218
904 328
904 1114
904 1832
905 7
906 73
906 85
907 385
908 54
908 181
909 41
909 520
910 218
912 700
913 893
914 2
915 33
916 649
918 541
918 115
919 857
919 496
920 698
921 250
922 173
922 311
923 357
924 296
924 1019
924 1696
926 339
929 15
930 190
930 1562
931 164
931 1313
932 101
934 265
934 6
934 1167
934 1462
935 147
936 69
936 991
937 128
937 1287
938 114
940 102
941 1162
941 1318
942 17
942 1226
942 1296
943 2
944 141
944 308
944 1208
945 682
945 8
945 1165
947 171
947 662
947 955
948 3
948 816
950 1168
951 858
952 7
952 999
952 1297
953 300
954 130
954 13
954 1075
955 348
955 1098
956 1612
956 1792
957 465
958 243
959 466
960 22
960 1078
961 12
961 1085
962 343
962 972
962 1579
963 8
963 296
963 1045
964 1
965 72
965 1220
966 27
966 1305
967 482
967 1379
969 844
970 940
972 341
973 69
973 483
974 1712
975 250
976 953
978 1975
979 936
979 84
980 637
980 429
980 1026
982 128
983 571
984 2
985 248
985 807
988 159
988 129
989 153
989 778
990 9
991 1014
992 1820
997 994
997 261
997 1076
997 1261
997 1397
997 1483
997 1890
997 1916
998 408
999 1294
1000 71
1001 774
1001 1557
1002 63
1002 901
1004 328
1004 959
1005 14
1006 160
1008 603
1008 1707
1009 919
1009 1580
1011 134
1011 385
1012 585
1012 1001
1013 903
1014 119
1014 1389
1014 1607
1016 1431
1017 1154
1019 411
1020 229
1020 115
1020 1097
1022 958
1023 43
1024 930
1024 22
1026 705
1026 1677
1026 1766
1026 1876
1027 341
1027 351
1028 381
1028 1578
1029 319
1031 515
1031 206
1031 1954
1032 11
1033 708
1034 1107
1035 16
1036 1957
1037 619
1039 186
1040 673
1040 1999
1041 83
1041 702
1042 710
1043 315
1044 328
1044 751
1045 720
1046 598
1046 419
1047 348
1050 68
1051 30
1051 473
1052 934
1054 152
1055 1247
1056 913
1056 9
1057 191
1058 128
1058 255
1059 646
1059 83
1060 543
1064 248
1064 170
1065 89
1066 65
1067 385
1067 1109
1067 1607
1068 4
1068 343
1069 254
1070 856
1071 351
1072 54
1072 1614
1072 1979
1073 975
1073 1720
1074 997
1075 245
1076 158
1079 499
1079 128
1079 1149
1080 822
1081 15
1081 148
1082 517
1082 1485
1082 1798
1083 6
1084 705
1084 38
1086 141
1087 1154
1088 49
1089 3
1089 17
1090 687
1092 903
1093 17
1093 1928
1094 5
1095 1578
1096 1479
1097 1884
1098 1772
1099 1421
1100 375
1100 1751
1101 52
1102 680
1103 144
1103 1442
1105 1211
1106 1094
1107 1571
1108 750
1108 1270
1108 1291
1108 1471
1108 1660
1108 1977
1110 881
1111 112
1112 728
1112 1699
1114 1852
1114 1984
1115 82
1115 1979
1116 959
1118 541
1119 250
1120 766
1120 24
1121 15
1121 64
1122 94
1122 378
1123 60
1123 106
1123 1779
1124 32
1124 54
1125 1803
1126 27
1126 1877
1127 462
1129 390
1129 360
1129 1528
1130 2
1131 496
1131 236
1133 693
1133 160
1133 1145
1133 1934
1134 708
1135 916
1136 759
1139 13
1139 123
1139 1427
1140 175
1140 344
1141 1
1142 448
1143 1
1144 133
1144 892
1146 103
1147 13
1147 571
1148 81
1150 331
1150 1783
1151 36
1152 1838
1153 993
1154 1159
1155 371
1159 678
1161 376
1161 1286
1162 1803
1163 1138
1163 314
1164 132
1166 277
1166 132
1167 589
1169 78
1169 201
1170 463
1172 121
1172 1953
1174 287
1174 517
1174 1491
1175 950
1176 798
1177 998
1179 278
1179 94
1181 1694
1183 634
1183 582
1183 1433
1185 61
1187 1009
1187 1069
1187 1695
1188 830
1189 141
1190 134
1191 843
1191 1234
1193 325
1193 763
1193 1226
1194 538
1195 82
1196 398
1196 40
1197 1233
1198 412
1198 1364
1199 657
1199 222
1201 482
1203 22
1203 1293
1204 422
1205 22
1206 15
1206 7
1206 1774
1207 373
1207 1753
1208 436
1209 100
1209 129
1210 358
1212 15
1213 85
1214 68
1214 712
1215 978
1216 56
1217 225
1218 1245
1219 700
1219 536
1220 43
1221 2
1223 10
1223 1177
1224 576
1225 363
1227 419
1228 1006
1228 75
1228 1468
1229 99
1229 1929
1230 705
1231 1063
1231 1
1231 1235
1232 417
1233 195
1237 14
1237 110
1237 1314
1237 1366
1238 322
1239 495
1239 257
1240 160
1240 83
1241 30
1242 381
1243 1253
1245 712
1246 128
1248 566
1248 1621
1249 981
1250 32
1251 7
1251 225
1252 228
1252 1830
1253 442
1254 945
1254 69
1254 1873
1256 1182
1256 277
1257 368
1257 371
1258 1
1258 1599
1259 682
1260 210
1261 1069
1261 1340
1262 1134
1262 1971
1263 992
1263 106
1266 30
1267 15
1268 121
1269 8
1269 336
1271 863
1272 144
1272 1741
1273 97
1277 2
1278 926
1279 425
1279 376
1280 491
1280 82
1281 127
1281 1429
1281 1778
1282 453
1283 1223
1284 494
1284 27
1285 141
1286 222
1288 1011
1289 26
1290 420
1290 285
1291 939
1292 1
1292 1465
1295 1781
1297 38
1298 72
1298 466
1299 82
1299 82
1300 823
1300 1910
1301 786
1301 846
1302 118
1302 460
1303 997
1303 129
1306 235
1307 1740
1308 266
1308 1516
1309 1129
1311 339
1312 1198
1312 822
1313 1254
1314 1956
1315 217
1316 112
1316 1457
1317 794
1317 236
1318 222
1319 319
1320 8
1321 78
1321 1885
1323 78
1323 311
1324 16
1325 595
1325 1052
1326 465
1326 1506
1326 1678
1327 1107
1328 354
1330 598
1330 47
1331 435
1332 752
1333 1969
1335 376
1336 1030
1336 314
1337 1060
1338 950
1339 538
1339 618
1342 816
1342 619
1343 1213
1344 51
1344 1069
1346 118
1346 98
1346 1399
1347 124
1348 589
1349 244
1349 1372
1350 295
1350 162
1351 212
1351 1472
1352 426
1352 614
1353 1308
1355 209
1357 218
1358 1651
1359 169
1360 141
1360 1497
1361 235
1362 116
1362 533
1363 219
1363 98
1364 384
1365 210
1367 89
1368 9
1369 128
1369 169
1370 270
1370 2
1371 123
1372 197
1372 1725
1373 2
1374 1182
1374 568
1375 71
1375 854
1376 571
1376 343
1376 1739
1376 1870
1377 718
1378 761
1380 1
1380 807
1381 1105
1381 1526
1382 2
1382 1431
1383 213
1383 239
1383 1385
1383 1881
1384 1112
1387 209
1388 83
1388 694
1388 1494
1390 328
1392 128
1393 1114
1394 1455
1395 209
1395 309
1396 500
1396 1436
1396 1471
1398 1316
1400 648
1401 725
1401 58
1401 1435
1402 1004
1402 3
1403 451
1403 85
1404 327
1404 841
1405 13
1406 241
1406 1070
1407 288
1407 1920
1408 178
1409 30
1409 18
1409 1569
1410 257
1411 9
1411 1792
1412 11
1413 462
1413 1634
1414 54
1414 1281
1415 605
1416 31
1416 1591
1417 99
1418 347
1419 660
1420 1082
1420 2
1421 141
1424 1844
1425 1237
1426 1052
1426 8
1427 87
1428 56
1428 918
1430 85
1430 1860
1432 1460
1436 106
1437 680
1438 273
1438 55
1441 492
1442 1549
1443 11
1444 43
1444 1175
1444 1563
1445 2
1446 1428
1446 1804
1447 14
1447 41
1448 1170
1449 1022
1451 2
1452 19
1452 1078
1453 667
1453 13
1454 178
1454 559
1454 1503
1457 331
1459 1442
1459 1946
1460 1421
1460 1550
1461 136
1463 239
1464 1386
1465 518
1466 539
1466 204
1467 123
1468 653
1469 317
1469 702
1470 186
1472 893
1473 360
1474 97
1475 672
1476 273
1478 2
1478 330
1480 2
1481 1269
1481 348
1482 1129
1482 1151
1483 595
1484 827
1485 195
1486 1129
1486 665
1487 1161
1488 7
1490 2
1491 145
1492 104
1493 442
1494 46
1495 300
1495 1810
1496 123
1497 142
1499 169
1501 347
1502 1429
1502 2
1503 509
1507 390
1508 47
1508 286
1509 208
1509 811
1513 1151
1513 248
1515 277
1515 393
1516 86
1516 1564
1517 141
1518 1196
1520 1264
1520 67
1521 769
1522 1498
1522 928
1523 135
1524 665
1525 2
1525 1188
1526 1300
1528 410
1530 311
1531 371
1531 1356
1532 1
1533 934
1533 1742
1534 229
1534 1407
1535 549
1535 1756
1535 1987
1536 244
1537 514
1538 4
1538 123
1539 283
1539 539
1539 1990
1540 14
1540 807
1541 1261
1541 128
1542 319
1542 825
1543 570
1544 276
1544 30
1544 1959
1544 1978
1545 152
1546 666
1547 360
1549 171
1549 1686
1551 423
1552 139
1553 121
1553 968
1554 161
1555 75
1555 616
1555 1590
1558 836
1560 666
1561 24
1561 646
1565 1081
1566 716
1566 1596
1567 455
1567 86
1568 468
1569 134
1570 169
1570 5
1572 162
1573 128
1573 1766
1574 682
1574 47
1577 648
1577 1065
1577 1821
1579 1177
1581 635
1582 10
1583 130
1585 896
1585 31
1586 953
1587 739
1588 201
1589 9
1590 19
1591 115
1593 1747
1594 1680
1595 326
1596 1762
1597 621
1597 36
1598 175
1598 254
1600 1237
1601 1399
1602 37
1602 337
1602 1676
1603 264
1604 412
1605 75
1605 32
1609 56
1609 13
1610 421
1611 768
1611 358
1613 136
1613 590
1614 1263
1615 1125
1616 1028
1617 745
1617 5
1619 255
1619 47
1620 830
1620 338
1622 1026
1622 512
1623 682
1624 879
1625 1903
1626 248
1627 422
1628 1380
1630 47
1631 226
1632 1277
1633 1540
1634 13
1635 1078
1635 27
1636 186
1637 110
1638 1202
1639 1507
1640 40
1643 640
1643 100
1644 1012
1646 1539
1647 1039
1647 9
1647 1917
1648 1028
1648 345
1649 229
1650 83
1650 482
1652 1485
1652 1817
1653 921
1653 13
1654 15
1656 1129
1657 302
1657 72
1658 370
1659 170
1661 572
1661 1108
1662 513
1664 20
1664 162
1666 1009
1667 1096
1668 1045
1670 339
1671 538
1672 689
1672 31
1673 115
1675 330
1676 121
1677 360
1678 175
1679 594
1680 436
1681 537
1682 29
1684 10
1684 966
1685 199
1686 374
1687 759
1688 1190
1690 141
1690 146
1691 918
1692 4
1694 1068
1696 1785
1696 1956
1697 69
1698 218
1699 399
1700 1647
1701 149
1701 590
1702 1240
1703 263
1704 149
1705 814
1706 147
1706 1573
1708 512
1708 61
1709 803
1710 302
1710 86
1710 1736
1711 1
1713 168
1713 72
1714 93
1714 1815
1715 89
1716 36
1717 38
1718 1269
1719 110
1720 1131
1722 534
1724 1020
1725 1001
1726 507
1726 654
1727 375
1727 115
1728 89
1729 1563
1730 326
1730 224
1731 998
1732 423
1734 1628
1734 438
1735 437
1736 494
1738 1671
1739 1072
1740 133
1741 1160
1744 271
1744 615
1745 459
1745 637
1748 13
1749 1381
1750 159
1750 937
1751 88
1752 1536
1753 1667
1754 1657
1754 1551
1756 886
1757 631
1758 196
1758 186
1759 1129
1759 1563
1761 1511
1763 1031
1763 893
1764 32
1764 49
1765 145
1767 3
1768 997
1769 331
1770 728
1771 384
1773 14
1776 12
1776 1482
1777 38
1777 143
1778 100
1779 553
1780 123
1781 195
1782 494
1783 1
1784 654
1786 1683
1786 1145
1787 1459
1788 106
1790 769
1790 522
1791 176
1793 56
1794 52
1794 319
1795 784
1796 1689
1797 936
1799 8
1799 420
1801 1392
1802 1082
1805 7
1805 840
1806 26
1806 1594
1808 226
1808 240
1809 1
1812 363
1812 1901
1814 1133
1814 997
1815 3
1816 2
1820 1765
1821 959
1822 146
1823 654
1823 799
1824 1424
1824 1896
1825 2
1825 1519
1826 954
1827 24
1827 276
1828 2
1828 1335
1829 783
1830 756
1831 352
1831 40
1832 1658
1833 74
1834 1612
1835 477
1836 19
1837 1521
1837 1418
1838 705
1839 55
1840 111
1841 460
1842 361
1842 411
1843 90
1843 941
1844 1147
1845 16
1846 1595
1846 1406
1847 612
1849 1
1850 2
1851 7
1851 40
1852 1551
1853 559
1853 1586
1854 1932
1855 1424
1856 337
1857 106
1858 288
1859 1765
1859 2
1860 76
1861 766
1862 621
1862 1575
1863 491
1864 1374
1864 1953
1865 334
1865 222
1866 371
1866 1657
1867 710
1867 1114
1868 132
1869 1178
1870 625
1872 323
1872 893
1873 557
1874 87
1875 96
1877 1591
1878 1243
1878 363
1879 5
1880 189
1881 1454
1882 1396
1883 1224
1886 302
1887 930
1888 11
1888 954
1891 1113
1892 916
1894 1253
1895 302
1896 86
1897 141
1897 808
1898 217
1898 761
1898 1932
1899 1099
1899 256
1901 228
1903 1265
1904 15
1905 1030
1906 262
1907 988
1908 1218
1909 89
1909 893
1910 785
1911 419
1912 2
1912 1774
1914 710
1915 69
1916 148
1917 171
1918 315
1919 193
1919 1121
1920 682
1921 771
1921 102
1922 1669
1922 42
1923 1019
1923 1107
1924 1499
1924 22
1925 524
1925 210
1926 11
1927 493
1927 323
1929 288
1931 700
1931 240
1933 1340
1933 16
1935 1744
1935 595
1936 698
1936 88
1937 925
1937 446
1938 411
1939 128
1940 819
1940 31
1941 250
1943 551
1944 1003
1945 1626
1945 835
1946 1650
1947 73
1948 43
1948 1030
1949 1923
1950 186
1952 1036
1954 33
1957 27
1958 1896
1960 613
1961 34
1961 681
1962 1290
1962 748
1963 106
1963 6
1964 822
1964 111
1965 944
1966 1381
1966 445
1967 1826
1969 94
1970 556
1970 679
1972 507
1972 319
1973 1492
1974 132
1975 1091
1977 313
1978 541
1980 3
1981 1298
1981 14
1983 85
1983 1074
1984 634
1985 178
1986 1797
1987 1014
1988 1512
1989 45
1991 15
1992 17
1992 997
1994 245
1995 2
1995 911
1997 363
1998 1616
1999 1896
