100
3 0
5 4
6 0
6 1
6 5
8 0
9 0
9 1
10 1
11 7
12 1
13 10
14 7
14 8
14 9
15 7
17 11
18 10
19 13
20 6
21 19
22 1
22 12
22 17
22 19
23 22
24 14
24 15
25 8
25 17
25 20
26 3
26 4
26 9
26 24
27 9
27 14
29 6
29 19
30 4
30 11
30 18
30 22
31 7
32 20
32 26
33 0
33 3
33 19
33 23
33 27
33 29
33 31
34 2
34 13
35 6
35 23
35 24
35 34
36 20
36 28
36 29
36 30
36 31
37 1
37 23
38 7
38 16
38 19
38 22
38 30
38 32
38 34
39 8
39 11
39 14
39 20
39 25
39 31
40 12
40 19
41 6
41 8
41 17
41 21
41 22
42 12
42 15
42 27
43 2
43 11
43 16
43 38
43 39
44 5
44 16
44 17
44 18
45 0
45 12
45 14
45 17
45 25
45 28
45 32
45 36
46 2
46 13
46 22
46 29
47 7
47 9
47 13
47 16
47 29
47 37
47 44
48 3
48 9
48 21
48 47
49 20
49 27
49 41
49 42
49 43
50 2
50 11
50 15
50 20
50 25
50 26
50 32
50 41
50 45
50 46
50 48
51 17
51 29
51 41
52 9
52 14
52 20
52 35
52 42
52 47
53 5
53 9
53 12
53 19
53 25
53 28
53 32
53 35
53 40
54 5
54 27
54 47
54 51
55 7
55 19
55 29
55 38
56 12
56 17
56 23
56 29
56 42
56 55
57 4
57 10
57 14
58 4
58 20
58 27
58 38
58 45
58 52
59 3
59 7
59 13
59 18
59 52
60 11
60 24
60 26
60 33
60 35
60 49
61 4
61 7
61 12
61 19
61 27
61 46
61 47
61 52
61 60
62 0
62 2
62 5
62 44
62 56
62 57
63 1
63 14
63 27
63 42
63 45
64 0
64 27
64 34
64 43
64 51
64 54
64 57
65 3
65 6
65 16
65 32
65 37
65 39
65 53
65 59
66 10
66 31
66 33
67 24
67 38
67 39
67 41
68 15
68 47
69 0
69 20
69 27
69 62
69 66
70 17
70 46
70 49
70 55
71 5
71 6
71 16
71 18
71 22
71 43
71 49
71 54
71 57
71 60
71 66
72 2
72 36
72 46
72 49
72 50
72 62
72 67
72 70
73 2
73 12
73 17
73 38
73 43
73 44
73 49
73 53
73 54
73 67
74 0
74 5
74 9
74 11
74 22
74 28
74 36
74 50
74 52
74 65
75 11
75 29
75 43
75 67
75 73
76 4
76 14
76 21
76 33
76 69
76 74
76 75
77 4
77 32
77 57
77 64
77 67
78 6
78 11
78 23
78 25
78 36
78 39
78 52
78 58
78 61
79 0
79 8
79 13
79 36
79 38
79 60
79 73
80 1
80 5
80 8
80 23
80 26
80 47
80 51
80 55
80 63
80 64
80 78
81 8
81 17
81 19
81 21
81 54
81 68
82 11
82 38
82 45
82 50
82 55
82 60
82 80
83 7
83 13
83 40
83 49
83 63
83 77
84 12
84 15
84 17
84 30
84 37
84 73
84 80
85 2
85 53
86 12
86 16
86 27
86 43
86 58
86 79
86 83
87 3
87 8
87 10
87 13
87 14
87 29
87 36
87 41
87 51
87 52
87 81
87 84
87 86
88 1
88 3
88 13
88 36
88 67
88 86
89 14
89 20
89 24
89 25
89 26
89 36
89 40
89 43
89 46
89 48
89 68
89 81
89 85
90 6
90 11
90 24
90 30
90 68
90 72
91 4
91 22
91 25
91 26
91 50
91 58
91 64
91 75
91 77
91 83
91 87
91 88
92 41
92 51
92 75
93 6
93 8
93 25
93 31
93 32
93 50
93 65
93 79
93 89
94 5
94 9
94 12
94 75
94 78
94 82
95 1
95 7
95 37
95 59
95 65
95 66
95 69
95 78
95 81
95 94
96 26
96 37
96 45
96 55
96 63
96 66
96 83
97 5
97 26
97 45
97 52
97 72
97 76
97 83
97 95
97 96
98 27
98 35
98 36
98 42
98 43
98 82
98 84
98 86
98 88
98 92
99 1
99 7
99 30
99 31
99 38
99 39
99 40
99 42
99 44
99 51
99 73
99 83
99 84
99 90
