100
1 35
1 36
1 43
1 61
1 71
1 95
2 8
2 27
2 29
2 87
3 33
3 35
3 57
3 69
3 91
4 8
4 19
4 35
4 39
4 44
4 87
4 97
5 19
5 67
5 91
5 97
6 45
6 80
7 5
7 26
7 29
7 37
7 49
8 22
8 33
8 38
8 81
8 83
8 95
9 14
9 15
9 43
9 56
9 74
9 80
9 94
10 30
10 58
10 60
11 40
12 14
12 24
12 27
12 30
12 60
12 74
13 30
13 35
13 69
13 85
14 34
14 42
14 59
14 78
14 79
14 89
14 91
15 4
15 11
15 46
15 47
15 55
15 63
16 2
16 54
16 60
16 76
17 1
17 4
17 36
17 39
17 47
17 54
17 59
17 61
17 63
18 17
18 32
18 47
18 76
18 82
18 83
18 88
18 100
19 16
19 35
19 50
19 79
19 84
19 91
20 12
20 42
20 55
20 65
20 88
21 11
21 31
21 34
21 39
21 89
22 2
22 17
22 32
22 34
22 65
22 91
23 33
23 45
23 49
23 57
24 5
24 8
24 23
24 55
24 57
25 11
25 30
25 42
25 80
26 37
26 60
26 83
26 84
27 39
27 62
27 77
27 98
28 30
28 32
28 43
28 48
28 52
28 76
28 82
29 11
29 32
29 42
29 59
29 91
30 60
30 74
30 88
30 91
31 1
31 62
31 67
32 6
32 27
32 31
32 43
32 85
32 95
32 97
33 32
33 66
33 70
33 88
33 92
33 99
34 12
34 49
34 92
35 14
35 52
35 74
35 98
36 5
36 12
36 23
36 26
36 40
36 52
37 46
37 61
37 91
38 11
38 33
38 52
38 63
39 3
39 69
39 96
40 1
40 6
40 22
40 71
41 12
41 27
42 45
42 47
42 66
42 91
43 50
43 55
44 3
45 1
45 17
45 27
45 74
45 97
46 16
46 32
46 61
46 82
47 7
47 13
47 22
47 61
48 5
48 13
48 21
48 35
48 50
48 76
48 85
49 14
49 37
49 83
50 42
51 21
51 29
51 30
51 59
51 70
51 88
51 99
52 34
52 47
52 78
52 93
52 94
52 95
53 48
53 51
53 66
53 74
53 92
53 97
54 46
54 66
55 10
55 23
55 36
55 48
55 80
55 89
56 31
56 48
56 80
56 86
57 9
58 11
58 12
58 77
58 78
58 82
58 96
59 12
59 26
59 30
59 52
60 23
60 31
60 33
60 61
60 86
61 38
61 73
61 84
61 100
62 93
63 12
63 76
63 84
63 85
64 11
64 58
65 6
65 17
65 30
65 39
65 55
65 85
65 97
66 41
66 58
66 97
67 35
67 66
67 79
67 98
68 1
68 5
68 60
68 74
68 79
69 4
69 26
69 35
69 82
70 4
70 26
70 30
70 69
71 16
71 45
72 5
72 13
72 22
72 61
72 73
72 94
72 98
72 99
73 8
73 11
73 42
73 82
75 13
75 62
75 66
75 79
76 17
76 34
76 45
76 58
76 73
76 83
76 98
77 19
77 49
77 63
78 22
78 24
79 49
79 83
79 99
80 33
81 6
81 60
81 66
81 95
82 2
82 51
82 93
83 6
83 14
83 15
83 21
83 34
83 75
83 100
84 30
84 59
84 78
84 95
84 97
85 2
85 17
85 47
85 74
85 92
86 6
86 13
86 14
86 19
86 29
86 92
87 17
87 25
87 51
87 52
87 79
87 82
88 11
88 27
88 46
89 13
89 24
89 76
90 9
90 20
90 27
90 34
90 36
90 57
91 26
91 53
91 60
91 72
92 26
93 15
93 50
93 56
93 57
94 36
94 59
94 81
95 11
95 27
95 29
95 39
95 59
95 60
95 64
96 2
96 59
97 12
97 25
97 41
97 78
97 85
98 38
98 41
98 77
98 85
99 3
99 12
100 5
100 34
100 54
100 75
