2000
1 2
1 3
1 8
1 10
1 128
1 151
2 3
2 16
2 23
2 36
2 121
2 198
2 462
2 545
2 604
2 666
2 883
2 926
2 1441
2 1620
2 1623
2 1661
2 1723
3 62
3 78
3 140
3 233
3 339
3 345
3 376
3 406
3 445
3 524
3 526
3 753
3 784
3 1137
3 1201
3 1341
3 1352
3 1556
3 1589
4 3
4 5
4 14
4 18
4 30
4 113
4 142
4 153
4 160
4 181
4 184
4 290
4 351
4 360
4 392
4 660
4 1059
4 1330
4 1433
4 1638
4 1679
4 1684
4 1777
4 1795
4 1803
4 1939
4 1940
4 1981
5 54
5 83
5 100
5 210
5 261
5 313
5 363
5 1007
5 1063
5 1364
5 1476
5 1885
6 3
6 9
6 17
6 81
6 146
6 167
6 1408
6 1418
6 1839
7 3
7 29
7 41
7 52
7 82
7 133
7 211
7 239
7 384
7 385
7 491
7 520
7 691
7 738
7 795
7 994
7 999
7 1199
8 26
8 135
8 310
8 1143
8 1251
8 1751
9 20
9 47
9 205
9 297
9 298
9 515
9 723
9 785
9 1177
10 38
10 57
10 195
10 472
10 548
10 557
10 1032
10 1061
10 1477
11 8
11 88
11 499
12 2
12 51
12 60
12 201
12 1173
13 4
13 400
13 525
13 898
13 1162
13 1195
13 1581
14 50
14 187
14 191
14 483
15 7
15 176
15 232
15 237
15 440
15 523
15 529
15 699
15 832
15 850
15 1118
15 1541
15 1592
16 24
16 1089
17 68
18 25
18 33
18 43
18 126
18 362
18 554
18 641
18 797
18 923
18 1190
18 1395
18 1740
18 1764
18 1938
19 1
20 214
20 441
20 474
20 703
20 927
20 1182
20 1342
20 1781
20 1815
21 18
22 3
22 1710
24 27
24 293
24 1344
25 272
25 320
25 556
25 879
25 887
25 989
25 1324
25 1327
25 1451
26 32
26 37
26 150
26 1536
26 1925
27 300
27 492
27 794
27 934
28 24
29 65
29 212
29 379
29 447
29 451
29 530
29 1791
29 1841
30 34
30 90
30 122
30 149
30 822
30 1308
31 7
32 374
32 601
32 1235
35 12
36 960
37 148
37 787
37 1564
37 1948
38 46
38 325
38 429
38 465
38 1950
39 7
39 73
39 91
39 200
39 245
39 852
39 936
39 1226
39 1239
39 1549
39 1778
39 1835
39 1855
39 1936
40 2
40 269
41 72
41 102
41 226
42 15
42 312
43 114
44 4
45 3
48 3
48 827
49 8
49 819
50 193
50 377
50 566
51 172
51 319
52 1516
52 1743
53 50
53 86
53 154
53 231
53 719
53 1942
55 7
56 32
56 106
56 116
56 190
56 1765
56 1866
57 720
57 1634
58 39
59 18
59 67
59 640
60 138
60 1005
60 1809
61 39
61 1135
62 66
62 80
62 95
62 311
62 490
62 718
62 1399
63 13
64 41
64 129
65 230
65 1259
65 1946
66 89
66 1502
66 1909
67 553
68 921
69 5
69 507
70 30
71 2
72 155
72 157
72 158
72 265
72 628
73 471
73 1037
74 23
74 1147
75 5
75 1575
76 18
77 59
77 139
77 689
77 1996
78 437
79 5
79 108
79 518
79 644
79 681
79 820
79 1318
79 1958
80 168
80 263
80 773
80 1424
80 1857
84 18
84 856
84 1224
85 57
85 1159
86 236
86 547
86 1045
86 1860
87 14
87 244
87 262
87 605
87 614
87 855
87 917
87 1678
87 1793
88 173
88 804
88 1052
88 1056
88 1737
89 112
89 170
89 448
89 617
89 907
89 1329
89 1668
90 423
91 419
92 36
93 6
93 438
93 1326
94 18
96 15
96 219
96 1649
96 1927
97 6
98 39
98 1615
99 88
100 743
101 7
101 972
103 2
103 521
103 559
104 73
104 349
105 87
107 10
107 145
107 224
107 317
107 338
107 343
107 369
107 538
107 737
107 1183
107 1850
108 500
108 587
108 602
108 1273
109 52
110 93
111 15
111 1814
112 848
112 1131
112 1168
112 1288
112 1378
112 1530
112 1613
113 1157
115 51
116 568
116 711
116 944
116 1423
117 18
118 69
119 86
120 1
120 143
120 984
120 1407
121 125
121 282
123 6
124 72
125 238
125 1049
127 39
127 1800
130 65
130 223
131 2
131 1637
132 65
132 257
132 275
132 444
132 648
134 4
136 18
136 1440
136 1832
137 62
138 348
138 1163
141 64
141 324
141 925
141 1095
141 1739
141 1974
142 613
142 1283
143 1760
143 1991
144 41
144 402
144 1076
144 1547
144 1829
144 1831
146 449
146 588
146 997
146 1455
147 17
147 222
147 609
150 508
150 908
152 56
153 294
155 197
155 857
155 1720
156 3
156 1065
156 1160
157 1145
157 1762
158 203
158 276
158 979
158 1471
158 1594
159 72
161 3
161 240
161 459
161 531
161 786
161 1093
161 1099
161 1128
162 4
163 23
163 178
163 327
163 863
163 1106
164 80
165 56
165 632
165 808
165 1402
165 1609
166 112
166 815
167 1384
168 396
168 1450
168 1690
168 1708
169 87
169 697
169 781
171 29
171 549
171 676
171 826
171 873
172 234
172 482
172 543
172 692
172 962
172 1512
173 1328
173 1346
173 1359
174 3
174 513
174 558
175 116
176 399
176 506
177 7
177 1216
177 1726
178 221
178 372
179 6
179 270
179 302
180 156
180 805
181 414
181 497
182 32
183 87
183 875
185 72
186 26
186 484
186 1097
186 1734
188 53
188 512
189 8
190 215
190 803
190 862
192 180
192 394
192 1783
193 202
193 340
194 2
195 1965
196 7
198 253
199 157
199 217
202 243
203 258
204 15
204 252
206 4
206 1054
206 1459
206 1994
207 15
207 344
207 397
207 539
207 1002
207 1039
207 1230
207 1961
207 1964
208 195
208 755
209 166
209 1696
210 316
210 417
210 418
210 752
210 1075
210 1281
210 1576
210 1750
212 782
213 210
213 436
215 569
215 1140
215 1141
216 86
217 511
217 896
217 1103
218 6
218 333
218 357
219 409
220 39
220 404
220 975
220 1528
222 1845
225 52
226 611
226 952
226 1241
226 1535
227 52
227 1933
228 4
228 431
228 725
228 1295
228 1697
228 1872
229 222
229 1503
230 468
230 1340
234 715
234 1900
235 148
236 273
237 1184
237 1337
239 450
240 1392
241 138
241 259
241 1058
241 1101
242 113
242 341
242 426
242 899
243 639
243 1311
243 1712
244 371
244 1073
246 50
247 25
248 174
248 461
249 156
250 178
251 4
251 309
252 1150
252 1362
252 1614
254 252
255 7
256 188
256 724
259 407
260 132
260 1943
261 608
261 1264
264 144
266 3
267 131
268 191
268 292
271 107
272 1261
274 7
275 652
275 1110
277 7
277 1298
278 146
279 7
280 206
280 849
280 865
280 1193
281 157
281 1309
283 53
283 1333
284 56
285 100
285 291
285 1021
286 278
287 11
288 225
289 157
290 1010
290 1113
291 732
292 421
292 443
292 584
292 838
292 1608
293 350
293 382
293 1222
293 1992
295 3
296 218
297 1674
299 80
300 367
300 544
301 278
301 456
301 1373
301 1755
302 1323
303 193
303 432
304 217
304 393
305 215
305 606
305 754
305 756
305 1969
306 96
306 509
307 9
308 39
309 502
309 1873
311 1225
312 476
312 1572
313 439
314 42
314 572
315 278
315 330
315 1331
316 1191
318 241
318 592
321 281
322 303
323 318
325 669
325 679
325 1271
326 29
327 1633
328 30
329 226
331 86
331 1165
332 200
333 355
333 597
334 10
335 25
335 717
336 7
336 844
337 237
337 1208
338 1945
340 391
341 582
341 589
341 610
341 911
341 1286
341 1452
341 1724
342 56
344 1611
344 1758
345 861
346 29
347 281
347 519
349 1586
350 1465
351 1232
351 1808
352 6
353 217
353 1980
354 199
355 912
356 174
358 9
359 103
361 27
363 1653
364 69
365 4
366 12
366 1258
368 239
368 1218
370 257
370 701
373 18
375 20
376 428
378 195
379 757
379 1088
380 191
380 775
380 1616
381 135
383 4
383 477
383 562
386 363
387 4
387 619
388 233
388 504
388 1579
389 56
390 107
391 481
393 452
395 32
396 1676
398 170
401 217
402 1858
403 27
405 259
405 688
405 700
405 1419
406 746
408 343
409 678
410 341
411 297
412 4
413 128
413 750
415 207
415 620
415 1593
415 1645
416 165
416 580
416 1796
418 463
418 964
418 1390
420 373
420 892
422 158
424 177
424 1053
425 85
426 939
427 173
427 1871
430 6
433 341
434 107
434 1094
435 426
437 1006
437 1050
437 1833
439 600
439 607
440 522
442 18
442 634
442 996
443 466
444 460
444 478
444 1805
445 670
445 1204
446 42
448 479
452 893
453 96
454 422
455 86
457 2
458 1
458 694
458 1000
458 1749
463 707
464 165
466 1821
467 388
469 59
469 516
470 103
471 590
471 1081
472 818
473 228
475 3
475 1822
477 1680
480 195
481 571
481 637
481 1915
482 1497
485 344
486 107
486 1234
487 256
488 212
489 475
489 1391
490 651
490 734
491 1186
493 405
493 986
493 1055
494 216
495 39
495 1600
496 303
498 7
498 527
498 1353
498 1539
499 811
499 1411
499 1930
501 206
503 452
504 1640
505 7
509 1787
510 93
513 814
514 41
514 684
516 1083
517 107
517 1587
520 1434
522 902
522 1299
523 1971
528 356
528 1687
530 946
530 1016
532 1
533 241
534 27
535 236
535 626
536 392
537 107
537 1869
539 1931
540 171
541 193
542 13
546 6
546 671
546 1472
547 1406
548 859
550 539
551 156
552 15
552 1382
552 1746
554 1296
555 26
560 282
561 107
561 563
561 1114
562 869
563 661
563 913
564 454
564 1219
565 171
566 683
566 1307
567 165
567 1339
569 1730
570 107
573 191
574 473
575 402
576 134
577 381
578 168
578 1707
579 524
581 4
583 241
585 234
586 341
586 615
587 1876
588 1617
589 1627
589 1756
590 665
591 424
592 674
593 32
594 178
594 618
595 89
595 1314
596 22
598 50
599 27
599 673
599 1250
603 300
604 1647
612 7
613 1358
614 1368
616 86
616 955
616 1112
616 1486
617 1514
621 169
622 1
623 98
623 1463
624 113
625 65
625 1270
626 950
627 53
628 1550
629 32
629 745
629 1148
629 1255
630 39
631 207
631 1372
633 458
634 813
634 1071
635 107
636 251
636 969
638 2
642 39
643 239
645 18
645 1376
646 25
646 1231
647 3
649 293
650 165
651 1244
653 3
654 166
655 528
655 847
655 1757
656 9
657 275
658 381
659 261
659 1846
660 730
662 501
663 171
664 399
665 1048
665 1673
666 924
666 966
666 1187
667 325
668 278
671 806
672 25
673 931
674 1320
675 209
677 89
678 1717
678 1732
680 501
681 1022
681 1511
681 1560
681 1880
682 125
685 242
686 539
687 241
688 1387
690 42
690 1152
691 742
691 1206
693 376
694 1129
694 1305
695 440
695 799
696 627
698 587
698 772
702 344
704 256
705 57
705 1178
705 1293
706 490
708 686
708 793
708 1480
709 103
709 1995
710 388
712 32
713 108
714 158
716 355
719 1003
720 1570
720 1702
721 107
721 769
721 846
722 293
724 974
724 1207
726 489
726 1031
726 1274
727 480
728 7
729 178
731 589
733 493
735 47
735 1355
735 1421
736 351
736 1894
737 1612
738 992
739 189
739 1567
740 548
741 469
744 39
744 968
747 607
748 3
749 86
749 1356
749 1400
751 424
752 1837
757 1422
758 363
758 776
758 830
759 51
760 222
761 107
761 1278
761 1509
762 727
763 5
764 90
764 886
765 199
766 469
767 319
768 590
770 247
770 1513
771 50
774 552
774 1577
776 1282
776 1416
777 26
778 708
778 1632
779 489
779 1024
780 189
780 1020
780 1520
780 1807
783 325
784 929
788 168
788 809
789 25
790 617
791 96
792 125
794 1706
796 299
796 987
798 30
800 554
800 1496
801 616
802 59
802 1289
803 1023
804 1438
806 839
807 6
810 489
812 338
812 1854
813 1997
815 1212
815 1867
816 281
817 4
821 788
823 686
824 1
825 173
827 1072
828 215
829 327
830 878
831 148
833 198
834 24
835 393
836 208
837 437
839 1744
840 89
841 4
842 86
843 4
845 195
847 1478
849 880
851 591
851 1138
851 1415
853 394
854 168
855 993
858 18
859 1409
860 234
862 1761
864 177
864 1435
866 6
867 141
867 1379
867 1910
868 301
870 598
871 681
871 977
872 775
874 218
876 9
877 292
881 4
882 3
884 314
885 4
885 1132
886 1256
886 1529
888 62
889 544
890 409
891 355
894 3
895 252
897 207
897 1825
898 998
900 108
901 349
902 1662
903 590
904 235
905 4
906 176
909 18
910 593
914 749
915 790
916 278
917 1646
918 25
919 217
919 940
919 1819
920 15
920 1754
922 677
922 1779
925 1959
928 142
930 89
931 1209
932 589
933 566
935 459
936 1046
936 1474
937 681
938 482
941 645
941 1652
942 85
943 455
944 1510
945 924
946 1116
946 1202
947 263
948 38
949 88
951 318
951 1801
953 413
954 26
956 8
957 802
957 1375
958 616
959 521
961 280
963 27
965 363
967 3
970 776
971 257
973 604
973 1322
976 418
977 1924
978 936
978 1545
979 1321
980 29
981 3
982 4
982 1248
983 231
984 988
984 1011
985 376
987 1404
987 1951
990 116
990 1198
990 1306
991 543
992 1381
995 8
996 1865
1000 1922
1001 160
1002 1686
1004 79
1008 141
1009 35
1010 1955
1011 1721
1012 666
1012 1580
1013 132
1014 293
1015 669
1017 305
1018 140
1019 52
1024 1670
1025 215
1026 484
1027 165
1028 7
1029 388
1030 207
1031 1203
1033 53
1034 13
1035 7
1036 107
1038 968
1040 846
1040 1949
1041 300
1042 157
1043 5
1044 761
1045 1903
1047 708
1047 1175
1050 1977
1051 710
1052 1354
1056 1263
1056 1374
1057 3
1060 550
1062 556
1064 416
1066 6
1067 439
1068 260
1069 127
1070 107
1072 1475
1074 871
1077 16
1078 107
1079 1075
1080 88
1082 778
1084 2
1085 260
1086 498
1087 746
1090 12
1091 344
1092 25
1096 333
1098 125
1100 990
1102 318
1104 308
1105 996
1107 974
1108 735
1109 470
1111 168
1112 1595
1115 1045
1117 218
1119 802
1120 395
1121 945
1121 1501
1122 172
1123 489
1124 646
1125 803
1126 594
1127 2
1129 1287
1130 1008
1133 16
1134 308
1136 193
1138 1361
1139 321
1139 1683
1142 427
1144 1089
1145 1926
1146 3
1149 604
1151 599
1153 708
1153 1461
1154 810
1155 96
1156 189
1158 1033
1161 122
1161 1180
1164 926
1166 2
1167 156
1169 35
1170 867
1171 93
1172 42
1174 271
1176 3
1179 7
1180 1385
1181 12
1185 79
1188 6
1188 1505
1189 349
1192 333
1194 924
1196 24
1197 362
1198 1276
1198 1522
1198 1691
1200 63
1205 278
1210 116
1211 498
1213 24
1214 379
1215 1085
1217 248
1220 101
1221 53
1223 776
1224 1625
1227 587
1228 113
1229 735
1230 1397
1233 52
1236 18
1237 9
1238 215
1239 1444
1239 1605
1240 931
1241 1538
1242 237
1243 18
1245 325
1246 447
1246 1312
1247 962
1249 458
1252 774
1252 1335
1253 9
1254 613
1254 1272
1257 88
1260 15
1262 489
1265 107
1266 616
1267 11
1268 261
1269 1003
1272 1934
1275 256
1277 1047
1279 691
1280 226
1283 1705
1284 1095
1285 853
1286 1954
1287 1967
1290 578
1291 886
1292 171
1293 1319
1294 41
1296 1704
1297 143
1300 38
1300 1448
1301 809
1302 1
1303 1045
1304 360
1304 1776
1310 4
1313 317
1315 1309
1316 107
1317 532
1325 285
1332 1189
1334 1027
1336 492
1338 39
1340 1449
1343 23
1345 591
1347 733
1348 469
1349 437
1350 80
1351 32
1357 381
1360 327
1360 1559
1363 594
1365 968
1366 590
1367 833
1369 29
1370 907
1371 15
1372 1389
1374 1602
1377 970
1377 1552
1379 1460
1380 62
1383 850
1386 461
1386 1648
1388 287
1393 3
1394 168
1396 1148
1397 1414
1398 392
1401 627
1403 774
1405 62
1408 1504
1410 4
1412 1216
1413 101
1413 1426
1413 1856
1415 1937
1417 309
1418 1782
1420 54
1420 1798
1425 355
1427 1287
1428 922
1429 569
1430 351
1431 41
1432 657
1436 616
1437 56
1439 107
1442 790
1443 341
1445 498
1446 58
1447 108
1453 1198
1454 2
1456 35
1457 1373
1457 1657
1458 314
1462 978
1464 1360
1466 314
1467 744
1468 172
1469 189
1470 39
1472 1663
1473 433
1479 344
1481 308
1482 112
1483 12
1484 1095
1485 402
1487 514
1488 4
1489 648
1490 6
1491 248
1492 154
1493 50
1493 1546
1494 253
1495 355
1498 50
1499 14
1500 77
1506 691
1507 546
1508 766
1514 1932
1515 139
1517 1141
1518 977
1519 111
1521 217
1523 654
1524 9
1525 1220
1526 30
1527 20
1531 867
1532 344
1533 1377
1533 2000
1534 708
1537 85
1540 125
1542 158
1543 15
1544 86
1548 275
1551 524
1553 379
1553 1944
1554 1430
1555 3
1557 797
1558 589
1561 838
1562 444
1563 234
1565 987
1566 1093
1568 143
1569 417
1571 287
1573 1045
1574 503
1578 8
1581 1685
1582 688
1583 1367
1584 963
1585 744
1588 77
1590 857
1591 140
1596 5
1597 86
1598 714
1599 695
1600 1664
1601 41
1601 1890
1603 107
1604 1286
1606 116
1607 1408
1610 157
1611 1656
1618 962
1619 733
1620 1836
1621 1500
1622 26
1624 492
1626 1140
1628 5
1629 1423
1630 39
1631 80
1635 469
1636 315
1638 1767
1639 280
1641 269
1642 1514
1643 27
1644 27
1644 1859
1650 93
1651 1338
1654 12
1655 228
1658 1398
1659 11
1660 154
1665 1077
1665 1792
1666 1040
1667 27
1669 6
1670 1799
1671 161
1672 1131
1675 226
1677 509
1681 158
1682 1
1688 1239
1689 325
1692 9
1693 690
1694 1023
1694 1887
1695 1057
1698 121
1699 32
1700 690
1701 325
1702 1993
1703 520
1704 1886
1709 230
1711 179
1713 894
1714 989
1715 1344
1716 657
1718 1425
1719 305
1722 72
1725 292
1727 49
1728 1397
1729 59
1731 1379
1733 41
1735 8
1736 6
1738 661
1741 325
1742 1457
1745 15
1747 100
1748 142
1752 206
1753 1367
1757 1786
1759 107
1763 690
1764 1810
1766 357
1768 953
1769 4
1770 990
1771 41
1772 372
1773 85
1774 365
1775 1173
1780 9
1784 1707
1785 2
1788 18
1789 423
1790 6
1794 1719
1794 1823
1797 3
1802 444
1804 228
1806 1703
1811 69
1812 1347
1813 59
1816 60
1817 1271
1818 651
1820 195
1824 138
1826 69
1827 1516
1828 1003
1830 163
1834 1302
1836 1917
1838 554
1840 788
1842 391
1843 353
1844 349
1847 1488
1848 830
1849 3
1851 1667
1852 1238
1853 86
1861 1518
1862 99
1863 207
1864 759
1868 875
1870 918
1874 1459
1875 207
1877 586
1878 1421
1878 1952
1879 26
1880 1972
1881 1011
1882 584
1883 696
1884 9
1888 1624
1889 7
1891 446
1892 616
1893 901
1895 166
1896 202
1897 281
1898 919
1899 472
1901 1119
1902 1636
1904 18
1905 18
1906 556
1907 251
1908 1567
1911 210
1912 168
1913 1511
1914 16
1916 1873
1918 1064
1919 1399
1920 476
1921 1525
1923 518
1928 351
1929 1163
1935 1638
1941 161
1947 1566
1953 558
1955 1990
1956 717
1957 1871
1960 1040
1962 926
1963 677
1966 447
1968 363
1970 1024
1973 131
1975 90
1976 354
1978 1855
1979 379
1982 513
1983 6
1984 199
1985 39
1986 4
1987 1289
1988 207
1989 1218
1998 48
1999 141
