2000
1 2
1 3
1 5
1 420
1 1177
1 1293
2 3
2 6
2 8
2 50
2 52
2 55
2 78
2 92
2 148
2 177
2 183
2 193
2 209
2 217
2 293
2 470
2 513
2 530
2 645
2 663
2 873
2 976
2 1043
2 1098
2 1307
2 1337
2 1404
2 1617
2 1848
3 61
3 67
3 77
3 93
3 115
3 147
3 158
3 241
3 242
3 252
3 307
3 414
3 459
3 516
3 567
3 726
3 734
3 859
3 909
3 943
3 1041
3 1097
3 1156
3 1287
3 1592
3 1622
3 1778
4 1
4 85
4 109
4 185
4 398
4 548
4 556
4 747
4 763
4 1124
4 1443
4 1510
5 101
5 233
5 247
5 274
5 550
6 10
6 33
6 57
6 74
6 108
6 111
6 141
6 251
6 309
6 415
6 475
6 651
6 917
6 925
6 1243
6 1784
7 4
7 9
7 19
7 29
7 30
7 40
7 42
7 76
7 87
7 134
7 144
7 164
7 192
7 222
7 239
7 244
7 262
7 267
7 279
7 300
7 301
7 325
7 330
7 373
7 412
7 418
7 422
7 539
7 638
7 688
7 765
7 822
7 1085
7 1248
7 1291
7 1574
7 1889
8 702
9 20
9 406
9 481
9 906
9 1316
10 23
10 387
10 1275
11 4
11 114
12 5
12 21
12 37
12 39
12 719
12 1758
13 7
13 35
13 620
13 849
14 6
15 11
15 227
15 525
15 570
15 965
15 979
15 1690
16 2
17 5
17 68
17 264
17 413
17 427
17 451
17 464
17 974
17 1254
17 1377
18 2
18 216
18 285
18 354
18 834
18 896
18 1320
18 1971
19 150
20 22
20 128
20 1577
21 162
21 206
21 299
21 850
21 912
21 988
21 1387
21 1415
22 24
22 135
22 346
22 589
22 632
22 1136
22 1300
22 1998
24 80
24 380
24 546
24 1141
25 3
25 582
26 2
27 20
27 615
27 742
28 6
28 555
28 1225
28 1733
29 254
30 180
30 517
30 1823
31 25
31 367
31 1219
32 22
33 846
34 6
34 160
34 1344
35 102
35 1804
35 1811
36 10
36 59
36 79
36 82
36 91
36 157
36 179
36 268
36 304
36 450
36 505
36 802
36 1233
36 1281
36 1353
36 1604
36 1702
38 4
38 63
38 229
38 648
38 690
38 716
39 117
41 35
41 813
42 260
43 21
43 131
43 172
44 15
45 2
45 152
45 1150
46 37
46 48
46 737
46 1554
47 24
47 256
48 1838
49 3
49 100
49 204
49 446
49 521
49 1548
51 18
51 289
51 973
51 1903
52 866
52 1125
52 1660
53 19
53 276
53 1627
54 30
54 94
54 99
54 248
54 263
56 15
57 71
57 679
57 1418
58 21
58 315
58 724
58 1166
59 221
60 13
61 278
61 721
61 948
62 22
62 69
62 316
62 322
62 372
62 378
62 473
62 595
62 739
62 1768
62 1772
64 6
65 1
66 4
66 127
67 159
67 230
67 444
67 884
67 1060
67 1103
67 1522
69 1005
69 1564
70 67
70 1272
71 1169
72 3
73 17
74 138
74 758
74 870
74 1145
74 1440
75 3
75 383
75 462
75 466
75 534
75 684
75 1462
75 1828
76 235
76 604
77 1474
79 942
80 1080
81 21
81 1076
82 893
83 17
83 356
83 666
84 1
84 96
84 120
84 312
84 653
84 1527
84 1640
85 125
85 317
85 358
85 403
85 1492
85 1538
85 1791
86 7
87 1753
88 84
88 257
88 436
88 544
88 1234
88 1770
89 30
89 297
89 527
89 603
89 1854
90 74
90 176
90 407
90 1863
93 245
93 428
94 424
94 741
94 806
95 2
95 630
95 1151
97 6
97 281
97 553
97 1515
97 1883
98 94
98 153
98 154
98 168
98 298
98 311
98 584
98 644
98 727
98 792
98 1045
98 1107
98 1146
98 1840
98 1851
98 1905
98 1957
101 814
101 1867
102 122
102 143
102 523
102 1030
102 1216
102 1223
103 9
103 798
104 46
104 685
104 961
104 1205
105 83
105 349
105 491
106 23
106 1841
107 73
107 1535
108 173
108 827
108 922
108 1771
109 580
109 805
109 1615
110 7
112 6
112 512
112 867
112 1181
113 2
114 533
114 694
114 1111
114 1497
115 593
115 738
116 34
117 137
117 417
117 743
118 71
118 236
119 62
120 596
120 927
120 959
120 1360
121 9
121 371
121 1024
122 203
122 950
122 1847
123 54
123 314
123 1749
124 66
124 196
124 1118
125 426
125 1062
125 1575
125 1730
126 62
126 914
126 1509
126 1950
128 577
128 960
129 4
130 49
130 701
130 1004
130 1270
132 89
132 291
133 62
134 214
134 1129
135 1010
135 1308
136 67
137 332
138 816
139 34
139 839
140 74
141 1285
142 7
144 288
144 707
145 11
145 1879
146 123
146 174
146 287
146 308
147 351
149 2
149 613
149 686
149 1172
149 1672
150 445
151 30
151 692
151 1245
151 1912
154 170
154 1505
155 61
156 92
156 509
159 1266
161 21
161 1425
162 573
163 98
164 255
164 748
165 13
165 286
165 946
165 1812
165 1953
166 6
167 11
167 503
168 336
168 396
168 633
168 1408
169 114
171 28
171 847
172 253
172 384
172 775
172 934
174 188
174 715
175 114
175 671
178 30
181 2
182 35
182 717
184 52
184 767
186 73
187 7
188 886
188 1358
188 1600
188 1708
189 2
189 1537
190 149
191 21
191 469
191 502
191 559
191 821
191 1751
192 431
193 1078
194 103
195 51
197 149
198 28
198 429
198 647
198 1034
199 62
200 98
201 6
201 1453
202 6
202 572
202 1328
204 238
204 343
204 723
204 1572
204 1747
205 30
207 112
208 142
208 471
210 2
210 1037
211 74
212 138
212 243
212 443
212 551
213 166
213 1090
213 1479
214 228
214 483
215 208
216 616
216 676
218 15
219 10
220 6
222 282
222 453
222 1229
223 191
224 62
225 177
225 924
226 125
226 783
226 788
227 1071
229 803
231 117
231 246
231 877
231 1001
231 1853
232 7
232 500
233 234
233 594
233 1102
233 1232
233 1524
236 250
236 623
236 1255
236 1297
236 1591
236 1644
236 1709
237 118
238 614
240 36
240 1128
243 273
243 478
243 1722
245 1948
247 967
248 449
249 163
249 670
252 691
252 1390
252 1691
252 1714
252 1875
252 1952
253 321
254 361
256 1311
257 486
258 110
259 22
260 294
260 425
260 448
260 455
260 629
260 744
260 815
260 1435
260 1593
261 71
264 928
265 164
266 17
266 1556
268 1913
269 109
270 18
270 649
270 1674
271 232
271 402
271 1183
271 1334
272 181
275 132
277 154
278 646
278 1741
280 212
283 229
283 1755
284 2
289 1064
290 75
290 1059
292 85
295 94
296 260
299 1099
300 432
300 510
300 984
302 39
302 626
303 20
305 18
306 61
306 826
310 81
313 67
313 862
313 1614
314 494
314 1366
314 1786
317 1774
318 278
318 1985
319 29
319 1656
320 2
320 963
320 1525
321 977
322 1822
323 198
324 4
325 532
325 725
325 1428
325 1849
326 42
326 712
326 1980
327 90
327 1445
328 245
329 236
330 681
330 1008
330 1389
330 1746
331 24
331 353
333 270
334 149
335 49
336 1583
336 1587
337 149
338 80
338 883
339 109
340 102
340 405
341 2
342 104
342 389
342 541
342 1565
344 36
345 279
347 76
348 201
348 654
350 7
350 1451
352 159
353 379
355 20
355 1631
356 458
357 1
358 435
359 7
359 699
360 124
360 672
360 851
361 1394
362 188
363 159
364 321
365 327
366 17
368 98
369 165
370 109
373 868
373 1063
374 6
374 819
375 35
376 198
376 1516
377 85
377 756
379 714
381 233
382 240
384 799
385 2
386 4
388 2
388 804
388 904
388 1130
389 749
390 102
391 34
392 2
393 314
394 208
395 359
395 498
396 829
397 67
397 696
399 149
400 282
401 300
402 1210
402 1249
404 252
405 591
406 1119
408 76
409 208
409 411
409 564
409 1067
409 1209
410 390
410 817
410 1348
410 1485
410 1699
411 1949
413 780
416 98
419 73
421 35
422 535
423 101
424 480
424 1319
424 1817
428 1385
430 3
431 1728
433 36
434 330
437 314
437 447
437 1168
438 7
439 358
440 11
441 80
442 62
442 986
442 1977
444 511
451 908
452 2
452 504
452 1314
454 260
454 1092
456 245
457 330
457 993
457 1486
457 1825
457 1997
460 271
461 213
463 24
463 968
464 1988
465 111
467 336
467 476
467 1203
467 1776
468 360
472 22
474 237
476 970
476 1402
477 451
477 598
479 94
482 288
482 586
482 1549
483 1159
483 1750
484 211
484 1436
485 43
486 1310
487 231
488 467
488 1962
489 178
489 853
489 1317
490 5
490 892
490 1050
490 1375
490 1766
492 71
492 1454
493 98
493 1452
495 49
495 507
495 1029
495 1991
496 427
496 1208
497 216
497 1512
499 49
499 607
500 824
501 325
503 610
505 1161
505 1410
506 108
508 463
508 1280
511 1703
511 1723
514 316
515 280
515 1201
518 52
518 937
519 457
520 15
521 1473
521 1531
521 1665
521 1947
522 233
523 1321
524 2
525 1487
525 1901
526 2
526 1689
528 4
528 1351
529 210
531 270
531 1158
533 1018
533 1175
535 746
536 51
537 21
538 531
539 887
540 2
540 1910
541 656
542 85
543 117
543 1419
543 1960
545 90
547 67
549 2
551 1610
551 1611
552 6
552 1745
554 121
556 1185
557 32
558 301
558 650
558 1795
558 1899
559 1393
560 85
561 56
561 949
562 253
563 51
565 490
566 344
567 1984
568 222
568 770
569 439
571 260
574 2
575 362
576 225
577 900
577 1638
578 391
579 270
579 635
581 316
583 34
585 303
586 1000
586 1407
586 1641
587 13
587 1616
588 126
588 1271
590 98
590 631
590 682
590 1555
590 1597
592 75
596 794
597 512
598 1414
599 114
599 1502
600 271
601 61
602 164
602 939
602 1561
602 1876
604 621
605 509
606 62
608 270
609 117
611 361
612 455
613 1282
617 17
618 149
618 835
618 1856
619 125
622 114
624 4
625 36
625 881
625 1222
625 1533
627 174
628 12
633 1094
634 586
635 720
636 7
637 233
637 1922
638 1163
639 226
640 461
640 1074
641 74
642 374
643 509
643 854
647 1553
649 1056
649 1072
650 1211
652 2
652 1478
654 736
655 222
657 7
657 1427
658 63
659 149
660 22
661 7
662 56
664 528
665 566
667 254
667 1605
668 12
669 444
670 1091
671 1700
673 436
674 65
675 149
675 793
676 907
676 1744
677 586
678 2
680 2
683 401
683 1933
687 36
687 830
688 1599
688 1955
689 36
689 825
691 820
691 1061
693 98
693 1352
695 67
697 24
698 172
698 1096
700 61
700 1276
701 1650
703 151
704 130
705 9
706 6
708 566
709 704
710 618
711 47
713 246
713 852
718 62
718 823
719 1625
721 779
722 380
728 320
728 1904
729 4
730 213
731 3
732 255
733 132
735 671
735 1269
737 1917
740 12
743 1212
744 1967
745 317
745 966
746 1162
749 1040
750 36
751 151
752 126
753 2
754 444
755 381
757 174
758 1895
759 98
760 107
761 6
762 259
764 125
764 1359
766 384
768 214
769 54
771 270
772 30
773 343
773 1397
773 1643
774 372
774 1049
776 2
777 4
778 320
781 634
782 252
784 6
785 270
786 214
787 437
789 17
790 764
790 1182
791 596
794 923
795 680
795 1236
796 473
797 652
797 843
797 1244
798 1546
800 76
801 208
802 1195
807 512
808 318
809 7
810 762
811 22
812 149
812 1081
812 1421
818 24
822 894
822 957
822 1242
822 1447
826 1367
828 279
830 1198
831 28
831 971
831 1055
832 117
833 48
833 1038
836 634
837 198
838 331
840 201
841 85
842 9
842 938
843 876
844 625
845 9
845 1036
845 1661
848 201
855 545
856 6
857 263
858 406
860 163
861 556
863 77
864 75
865 106
865 1764
869 61
871 15
872 317
874 4
875 867
876 1726
878 278
879 693
880 453
882 24
882 1798
885 306
885 1655
886 1388
888 311
889 212
890 257
891 591
895 422
897 616
898 671
898 1112
899 586
901 35
902 366
903 7
905 467
905 1298
910 438
911 209
913 774
915 777
916 643
916 952
917 1429
918 151
919 2
920 260
921 114
921 1813
922 1596
923 1073
923 1837
926 5
929 561
929 1489
929 1586
930 2
931 343
932 511
933 822
935 657
936 293
937 1584
940 253
941 470
942 1940
944 162
944 1589
945 61
947 386
950 1580
951 191
951 1760
953 891
954 499
955 430
956 138
958 84
962 252
964 915
967 1902
969 109
971 985
972 254
972 1820
972 1927
975 15
978 471
978 1845
980 164
981 404
982 490
983 2
986 1864
987 19
989 264
990 604
991 406
992 501
994 512
994 1628
995 416
996 525
997 712
997 1500
997 1721
998 53
999 10
1002 132
1003 24
1006 208
1006 1826
1007 216
1007 1896
1009 35
1011 612
1012 874
1012 1251
1013 134
1014 42
1015 570
1015 1031
1016 456
1017 758
1019 94
1020 188
1021 214
1022 424
1022 1115
1023 792
1023 1101
1024 1872
1025 579
1026 619
1027 925
1028 698
1031 1724
1032 2
1033 469
1034 1295
1034 1446
1034 1833
1035 460
1039 680
1039 1645
1042 148
1042 1197
1042 1391
1044 769
1045 1668
1046 929
1047 440
1048 271
1048 1086
1051 637
1052 571
1052 1256
1053 243
1053 1214
1054 233
1057 38
1058 1018
1062 1468
1063 1959
1064 1491
1065 174
1066 292
1068 963
1069 929
1070 602
1074 1226
1075 670
1077 804
1079 6
1081 1082
1083 545
1084 721
1085 1432
1087 102
1088 638
1089 142
1093 94
1093 1305
1095 95
1100 596
1100 1652
1101 1134
1104 11
1105 1084
1106 922
1107 1542
1108 635
1109 390
1109 1793
1110 45
1113 6
1114 486
1116 1115
1117 98
1120 51
1121 773
1122 123
1123 36
1126 7
1127 251
1127 1888
1128 1142
1130 1313
1130 1666
1130 1743
1131 753
1132 13
1133 54
1135 490
1137 367
1138 313
1139 1067
1139 1540
1139 1789
1140 353
1143 321
1143 1560
1144 912
1147 150
1148 697
1149 20
1152 769
1153 1031
1154 535
1155 400
1157 174
1160 885
1160 1193
1164 505
1165 7
1167 189
1167 1507
1170 556
1170 1551
1171 2
1173 392
1174 266
1176 51
1178 471
1179 986
1179 1662
1180 3
1182 1934
1184 453
1186 270
1187 812
1188 149
1189 929
1190 289
1190 1309
1191 778
1192 156
1194 701
1196 24
1199 98
1199 1756
1200 3
1202 98
1204 606
1206 521
1207 326
1207 1488
1211 1506
1213 1109
1215 278
1217 214
1217 1518
1218 876
1220 886
1221 455
1224 1220
1227 816
1227 1859
1228 697
1230 816
1231 831
1235 234
1237 180
1238 417
1239 1106
1240 290
1241 87
1243 1790
1246 95
1247 1007
1250 120
1252 108
1253 512
1257 95
1257 1919
1258 233
1258 1654
1259 336
1260 674
1261 915
1262 618
1263 674
1264 758
1265 20
1266 1406
1267 77
1268 233
1270 1865
1272 1974
1273 2
1274 7
1277 940
1278 675
1279 470
1281 1871
1283 929
1284 22
1284 1405
1286 126
1288 18
1289 21
1290 544
1292 999
1294 554
1295 1326
1296 104
1299 147
1301 9
1302 356
1303 114
1304 874
1304 1493
1304 1824
1306 188
1306 1830
1309 1424
1312 1207
1315 1254
1318 275
1320 1573
1322 268
1323 744
1324 653
1325 916
1327 149
1329 518
1330 953
1331 212
1332 654
1333 8
1335 861
1336 292
1336 1882
1338 35
1338 1470
1339 216
1340 1179
1341 313
1342 986
1342 1946
1342 1965
1343 252
1345 593
1345 1639
1346 102
1347 7
1349 1247
1350 313
1354 278
1355 1088
1356 941
1357 711
1361 481
1362 575
1363 1257
1364 54
1365 188
1366 1529
1368 230
1369 1018
1369 1857
1370 36
1371 1175
1372 160
1373 819
1374 68
1376 335
1378 953
1379 621
1380 123
1381 1034
1382 271
1382 1736
1383 289
1384 181
1386 1317
1392 1284
1395 384
1396 490
1398 1232
1399 6
1400 948
1401 816
1401 1634
1402 1782
1403 818
1409 796
1411 483
1412 300
1413 252
1416 198
1417 1226
1418 1916
1420 1
1422 13
1423 634
1426 7
1428 1465
1430 560
1431 108
1433 652
1434 2
1437 676
1438 1136
1439 954
1441 971
1442 572
1444 38
1448 236
1449 605
1450 271
1453 1503
1455 1232
1456 212
1457 499
1458 1373
1459 1026
1460 240
1461 1280
1463 625
1464 421
1466 1245
1466 1498
1466 1968
1467 114
1469 21
1471 36
1472 916
1475 7
1476 586
1477 210
1480 588
1481 183
1482 949
1483 464
1484 375
1490 973
1494 728
1495 1228
1496 116
1499 1296
1501 5
1501 1514
1503 1673
1504 3
1508 570
1511 1130
1511 1688
1513 1273
1517 7
1519 1319
1520 104
1521 2
1521 1990
1523 43
1526 17
1528 62
1530 428
1530 1727
1532 1085
1534 1531
1536 6
1539 114
1541 471
1543 667
1544 470
1545 764
1547 3
1550 320
1552 84
1557 525
1558 818
1559 15
1560 1797
1562 562
1563 1344
1566 582
1567 2
1568 1132
1569 507
1570 522
1571 93
1576 1242
1578 114
1579 1202
1581 993
1582 4
1585 521
1588 149
1590 518
1594 36
1595 1040
1598 1139
1601 1223
1602 4
1603 473
1606 260
1607 8
1608 125
1608 1886
1609 1266
1612 777
1613 1227
1618 1562
1619 1378
1620 386
1621 237
1623 174
1624 1293
1626 625
1629 551
1630 745
1632 236
1633 484
1635 2
1636 271
1637 634
1642 1081
1646 795
1647 3
1648 173
1649 1381
1651 7
1653 7
1657 1532
1658 696
1658 1678
1658 1970
1659 507
1663 318
1664 156
1664 1932
1667 150
1669 818
1670 1037
1671 471
1675 924
1676 616
1677 330
1679 1167
1680 336
1681 862
1682 680
1683 560
1684 488
1685 1015
1686 1240
1687 1272
1690 1706
1690 1794
1692 4
1693 6
1694 82
1694 1858
1695 193
1696 27
1697 290
1698 3
1701 21
1704 926
1705 1074
1707 440
1710 1401
1711 95
1712 7
1713 57
1715 315
1716 1039
1717 1132
1718 377
1719 51
1720 7
1725 85
1729 1167
1729 1852
1730 1963
1731 252
1732 62
1734 635
1735 2
1737 324
1738 1419
1739 1339
1740 1223
1742 957
1748 852
1752 54
1754 409
1755 1942
1757 120
1759 1730
1761 1042
1762 912
1763 331
1765 264
1767 1574
1768 1787
1769 124
1773 386
1775 22
1777 1410
1779 421
1780 35
1781 990
1783 38
1785 43
1788 380
1792 260
1796 732
1799 541
1800 1516
1801 126
1802 38
1803 386
1805 551
1806 512
1807 1228
1808 1385
1809 239
1810 367
1814 405
1815 654
1816 933
1818 150
1819 625
1821 7
1827 744
1827 1835
1829 1332
1831 118
1832 1648
1834 782
1836 18
1839 270
1842 360
1842 1862
1843 1101
1844 1288
1846 1426
1850 4
1855 1338
1860 151
1861 439
1866 1463
1868 343
1869 174
1870 101
1873 257
1874 1221
1877 999
1878 762
1880 49
1881 149
1884 996
1885 128
1887 867
1890 97
1891 1577
1892 1015
1893 676
1894 188
1897 44
1897 2000
1898 519
1900 1281
1906 9
1907 579
1908 112
1909 76
1911 384
1914 580
1915 822
1918 1139
1920 7
1921 586
1923 608
1924 134
1925 491
1926 149
1928 1177
1929 600
1930 1666
1931 1674
1935 117
1936 36
1937 13
1938 673
1939 593
1941 592
1943 210
1944 526
1945 588
1951 3
1954 126
1956 1527
1958 377
1961 984
1964 1075
1966 1938
1969 88
1972 129
1973 1601
1975 1396
1976 1275
1978 1757
1979 107
1981 431
1982 6
1983 111
1986 392
1987 289
1989 1034
1992 759
1993 66
1994 192
1995 1323
1996 1931
1999 1645
