1 12
1 55
1 65
2 34
2 78
3 18
3 68
3 89
3 93
4 49
4 63
4 79
4 95
5 18
5 29
5 34
5 57
5 73
5 85
5 92
5 97
6 24
6 60
6 67
6 72
6 73
7 27
7 52
7 56
7 64
7 65
7 68
7 84
8 46
8 61
8 83
8 85
9 22
9 29
9 55
9 67
9 74
10 16
10 25
10 29
10 66
10 78
11 48
11 59
11 84
12 6
12 13
12 43
12 56
12 97
13 2
13 7
13 16
13 32
13 52
13 59
13 62
13 63
13 71
13 78
13 83
13 89
13 91
13 93
13 94
14 26
14 48
14 62
14 69
14 74
14 82
14 84
14 91
15 2
15 18
15 90
16 17
16 21
16 33
17 15
17 34
17 40
17 61
17 89
17 90
18 4
18 36
18 69
18 72
19 24
19 30
19 37
19 53
19 85
20 36
20 48
20 91
21 14
22 56
22 70
22 90
23 30
23 33
23 38
23 76
24 2
24 38
24 95
25 43
27 5
27 25
27 58
27 88
27 98
27 99
28 42
28 61
28 72
28 81
29 7
29 32
29 48
29 80
29 87
30 17
30 24
30 46
30 69
30 88
30 99
31 6
31 18
32 8
32 9
32 66
33 1
33 39
33 60
33 68
33 88
34 27
34 47
34 60
34 61
34 88
35 22
35 94
35 97
35 98
36 15
36 17
36 42
36 61
36 89
37 15
37 42
38 22
38 37
38 61
38 79
38 80
38 88
39 25
39 26
39 29
39 38
39 87
40 10
40 28
40 33
40 69
40 73
40 100
41 16
41 43
41 52
42 1
42 4
42 6
42 53
42 68
42 70
43 8
43 15
43 48
43 52
44 16
44 61
45 36
45 77
46 1
46 2
46 4
46 48
47 57
48 1
48 3
48 9
48 32
48 57
48 60
48 79
48 81
49 7
49 23
49 47
50 11
50 78
50 87
50 96
51 3
51 6
51 45
51 60
51 91
52 26
52 56
52 67
52 68
53 87
54 14
54 27
54 55
54 64
54 86
54 96
55 16
55 60
55 98
56 43
56 86
56 99
57 12
57 44
57 96
57 97
57 100
58 21
58 42
58 63
58 70
58 90
58 99
59 2
59 34
59 38
59 39
59 45
59 71
59 97
60 14
60 26
60 40
60 46
60 47
61 4
61 59
61 70
61 71
61 83
62 20
62 72
62 82
62 94
63 1
63 22
63 57
63 78
63 93
63 100
64 17
64 18
64 52
64 67
64 77
64 79
64 81
64 85
64 97
65 28
65 35
65 49
65 63
65 91
65 98
66 7
66 28
66 57
66 91
67 16
67 36
67 44
67 93
68 17
68 45
68 54
68 62
68 100
69 33
69 68
69 70
69 75
70 7
70 21
70 90
71 15
71 40
71 53
71 76
71 86
71 98
72 38
72 42
72 45
72 47
72 89
73 7
73 44
73 72
73 97
74 4
74 6
74 35
74 64
74 69
74 76
74 90
75 36
75 45
75 54
75 92
76 77
77 20
77 26
77 32
77 37
77 58
77 89
77 92
77 100
78 18
78 24
78 57
78 79
78 82
78 95
78 98
79 22
79 33
79 97
80 18
80 57
80 76
81 12
81 14
81 19
81 36
81 52
81 72
81 86
82 25
82 53
82 69
82 73
82 90
83 41
83 93
84 10
84 32
84 79
84 100
85 13
85 58
86 5
86 6
86 15
86 55
86 72
86 89
87 8
87 34
87 44
87 58
87 80
87 98
88 17
88 40
88 97
89 30
89 43
89 64
89 71
89 82
90 2
90 20
90 37
90 77
90 94
90 96
90 99
91 8
91 19
91 67
91 84
92 12
92 35
92 55
92 72
92 76
92 80
93 1
93 11
93 32
93 41
93 56
93 65
93 76
93 80
93 86
93 99
93 100
94 17
94 20
94 22
94 25
94 59
94 77
94 84
94 99
95 5
95 9
95 18
95 46
96 55
96 66
96 74
97 60
98 21
98 56
98 72
98 80
99 15
99 25
99 31
99 54
99 68
99 80
99 88
99 97
100 27
100 34
100 37
100 66
100 78
100 82
100 91
100 98
