1 11
1 26
1 51
1 67
2 14
2 27
2 44
2 81
2 89
3 5
3 13
4 17
4 40
4 93
5 10
5 25
5 26
5 37
5 40
5 46
5 50
5 84
6 32
6 33
6 39
6 44
6 78
6 84
7 28
7 40
7 67
7 70
7 84
8 21
8 28
8 32
8 34
8 35
8 47
8 52
8 62
8 84
8 91
8 97
9 36
9 40
9 50
9 57
9 77
9 86
10 27
10 69
10 97
11 3
11 8
11 24
11 40
11 47
11 58
11 68
11 84
12 2
12 50
12 56
12 76
13 10
13 18
13 25
13 30
13 44
13 48
13 65
13 71
13 79
14 28
15 46
15 60
16 5
16 38
16 64
16 76
17 7
17 10
17 19
17 47
17 61
17 77
17 90
18 24
18 32
18 43
18 67
18 74
18 85
18 89
18 93
19 15
19 32
19 66
19 69
19 92
19 95
20 8
20 33
20 52
20 55
20 67
20 80
21 3
21 29
21 46
21 57
22 6
22 11
22 16
22 29
22 31
22 47
22 56
22 82
23 2
23 4
23 14
23 55
23 75
23 80
24 44
24 84
25 7
25 66
25 84
25 86
25 91
25 95
26 11
26 31
26 37
26 46
26 79
27 23
27 98
28 27
28 36
28 59
28 79
28 89
29 7
29 9
29 12
29 18
29 30
29 46
29 57
29 84
30 45
30 68
30 69
30 84
30 94
30 99
30 100
31 33
31 40
31 43
31 48
31 95
32 12
32 73
33 15
33 52
33 53
33 64
33 66
34 40
34 82
35 14
35 19
35 70
36 34
37 25
37 48
37 73
37 77
38 1
38 18
38 31
38 60
38 63
39 34
39 62
40 3
40 6
40 22
40 30
40 41
40 45
40 70
41 20
41 36
41 81
41 84
42 11
42 15
42 48
42 51
42 74
43 44
43 76
43 79
44 11
44 35
45 22
45 46
45 63
45 100
46 14
46 37
46 62
47 6
47 14
47 59
47 62
47 70
47 86
48 10
48 18
48 44
49 9
49 14
49 26
50 42
51 2
51 41
51 47
51 49
51 52
51 62
51 81
51 92
52 29
52 62
52 66
52 78
53 65
53 85
53 93
54 81
55 35
55 50
56 19
56 32
56 82
56 96
57 10
57 11
57 70
57 79
57 90
58 30
58 53
58 66
58 74
59 13
59 29
59 43
59 68
60 42
60 78
60 82
60 97
61 15
61 59
62 9
62 11
62 24
62 26
62 42
62 48
62 49
62 53
62 70
62 82
62 99
63 19
63 34
63 56
63 69
63 76
64 7
64 14
64 18
64 38
64 53
64 84
64 89
64 92
65 92
65 96
66 4
66 23
66 67
66 69
67 24
67 95
67 97
68 13
68 28
68 56
68 64
68 71
69 37
69 47
69 59
69 67
69 89
69 92
70 11
70 18
70 33
70 61
71 20
71 61
71 66
71 83
72 42
72 97
73 13
73 24
73 27
73 46
73 51
73 53
74 3
74 14
74 54
75 28
75 51
75 85
76 34
76 40
76 49
76 56
76 65
76 85
77 12
77 39
78 32
78 35
78 44
78 51
78 56
78 67
79 12
79 16
79 18
79 40
80 3
80 5
80 54
80 69
80 75
80 79
80 88
80 97
81 7
81 9
81 39
81 52
83 2
83 4
83 13
83 14
83 20
83 21
83 25
83 31
83 76
83 97
84 13
84 48
85 15
85 25
85 26
85 27
86 51
86 97
86 98
87 8
87 17
87 20
87 34
88 13
88 25
88 77
88 78
88 85
88 93
89 1
89 23
89 46
89 87
90 27
90 31
90 67
90 88
90 89
91 3
91 13
91 53
91 86
91 87
91 88
91 98
92 16
92 44
92 49
92 63
92 67
92 96
93 5
93 90
94 13
94 75
95 12
95 27
95 29
95 37
95 64
95 75
95 76
95 81
96 8
96 11
96 24
96 41
96 76
96 83
97 2
97 17
97 31
97 57
97 70
98 18
98 36
98 44
98 52
98 65
98 79
98 84
99 12
99 24
99 38
99 50
99 57
99 65
99 88
100 1
100 21
100 25
100 61
100 66
